0 0
1 5
2 5
3 5
4 3
5 5
6 7
7 1
8 8
9 3
10 5
11 7
12 8
13 5
14 5
15 5
16 3
17 3
18 1
19 1
20 3
21 3
22 4
23 5
24 1
25 5
26 1
27 8
28 8
29 3
30 3
31 2
32 8
33 7
34 8
35 6
36 8
37 7
38 1
39 5
40 8
41 8
42 5
43 3
44 3
45 3
46 8
47 5
48 2
49 3
50 5
51 8
52 2
53 6
54 8
55 1
56 8
57 8
58 6
59 8
60 7
61 6
62 8
63 6
64 7
65 5
66 8
67 8
68 6
69 6
70 6
71 8
72 5
73 5
74 8
75 6
76 6
77 7
78 1
79 6
80 8
81 8
82 8
83 3
84 7
85 5
86 8
87 8
88 7
89 8
90 8
91 3
92 8
93 1
94 5
95 8
96 8
97 5
98 5
99 5
100 8
101 5
102 5
103 8
104 6
105 8
106 8
107 8
108 7
109 8
110 7
111 7
112 2
113 6
114 6
115 3
116 6
117 8
118 1
119 7
120 8
121 8
122 6
123 8
124 8
125 7
126 7
127 7
128 3
129 8
130 6
131 6
132 8
133 6
134 5
135 7
136 8
137 5
138 6
139 8
140 6
141 8
142 8
143 8
144 8
145 8
146 7
147 8
148 3
149 6
150 6
151 7
152 5
153 7
154 6
155 5
156 1
157 1
158 1
159 1
160 5
161 1
162 6
163 3
164 5
165 3
166 6
167 8
168 4
169 8
170 5
171 8
172 7
173 7
174 1
175 3
176 3
177 5
178 5
179 3
180 5
181 8
182 3
183 7
184 7
185 8
186 6
187 5
188 5
189 7
190 6
191 6
192 8
193 8
194 8
195 7
196 8
197 5
198 8
199 6
200 8
201 8
202 6
203 7
204 7
205 8
206 3
207 7
208 3
209 1
210 1
211 6
212 6
213 6
214 1
215 5
216 8
217 5
218 7
219 7
220 5
221 6
222 8
223 8
224 6
225 5
226 5
227 5
228 8
229 8
230 8
231 5
232 3
233 8
234 6
235 6
