155 97
155 164
155 217
147 171
1 98
1 215
1 97
1 101
1 13
1 181
1 231
1 160
217 177
217 97
217 227
217 101
217 13
217 164
217 3
217 14
146 203
146 204
84 172
84 189
84 171
53 171
53 211
53 221
53 186
53 14
158 98
39 98
66 171
160 65
160 10
160 98
160 164
160 177
160 13
160 180
160 102
160 162
160 14
160 97
160 226
180 98
180 177
180 99
180 65
180 13
180 102
180 164
180 14
180 226
180 2
75 190
75 235
75 171
75 97
75 221
75 166
75 65
75 14
5 97
5 101
122 171
122 98
122 221
122 162
128 10
128 165
142 171
142 233
132 171
132 123
132 197
132 162
132 216
101 98
101 97
101 39
73 171
73 65
73 13
73 164
65 98
65 39
98 226
13 98
13 177
13 65
13 226
13 225
13 162
135 219
135 203
135 207
64 65
64 184
64 189
64 14
64 171
86 171
86 221
86 233
205 171
68 171
68 164
68 14
68 162
77 65
77 172
77 189
77 184
77 207
58 171
58 221
58 166
58 191
58 233
58 162
121 171
121 233
85 171
85 98
85 97
85 13
85 162
60 171
60 219
134 98
134 97
134 14
181 98
181 65
83 206
215 231
78 171
78 161
124 171
124 201
124 224
124 97
124 101
124 181
124 212
124 233
124 164
185 171
8 171
99 98
99 177
99 65
99 14
91 226
91 176
91 181
91 235
91 171
10 98
10 177
10 65
10 14
184 164
184 165
184 97
184 176
231 65
231 14
183 219
189 172
35 171
35 211
35 221
35 233
96 172
96 212
96 171
96 233
96 67
96 216
79 171
79 211
79 25
79 234
79 61
79 188
170 165
170 65
170 172
170 164
170 97
170 3
170 10
170 14
170 226
162 98
162 177
233 221
233 171
233 229
140 171
140 224
140 211
140 97
140 221
140 198
140 75
191 171
191 98
191 221
191 162
204 172
204 173
204 189
117 171
123 143
123 171
123 229
123 194
123 233
123 103
34 171
50 97
50 13
139 171
97 177
97 99
97 10
97 65
97 13
97 14
41 201
41 102
72 171
72 98
72 97
72 65
72 13
72 14
95 171
188 97
188 14
188 101
188 164
188 2
235 171
235 98
235 221
235 181
114 190
114 171
114 97
114 227
114 181
114 164
114 186
114 162
114 61
62 171
218 172
218 165
218 14
6 97
6 187
6 184
110 151
110 171
110 97
110 181
110 88
110 160
187 65
187 98
187 97
187 99
150 221
150 171
150 211
150 186
43 171
43 165
70 97
70 171
70 221
70 224
70 213
70 212
70 181
137 164
137 2
199 171
199 97
199 166
199 65
199 14
105 100
105 32
200 171
200 97
200 65
200 181
190 97
190 65
190 14
190 171
12 100
12 32
12 229
12 194
116 190
116 171
116 224
116 63
116 221
116 212
116 213
116 233
116 113
145 171
27 100
27 171
27 28
27 32
27 229
27 194
178 177
178 215
178 97
178 227
178 14
178 217
178 162
178 231
178 160
148 165
148 206
92 171
92 233
38 174
38 157
38 19
38 55
234 190
234 171
234 211
234 97
234 233
234 186
234 199
212 159
212 181
212 65
212 171
212 233
212 186
212 162
212 166
212 214
120 123
120 171
120 97
230 171
11 172
11 97
11 165
203 172
203 189
203 101
203 164
203 218
61 171
61 13
61 162
61 216
42 97
42 178
42 65
42 164
87 143
87 171
87 12
198 171
198 166
198 181
198 186
151 171
151 184
151 189
151 164
106 171
104 171
104 186
104 162
93 171
93 98
93 14
93 118
171 171
171 167
171 169
57 171
57 223
57 216
130 190
130 235
130 171
130 211
130 10
130 234
130 186
228 193
228 171
228 101
161 98
161 164
182 175
182 45
46 171
47 171
47 215
47 97
47 101
47 181
47 14
113 190
113 235
113 171
113 97
113 221
113 101
113 213
113 14
113 75
88 195
88 172
223 171
76 190
76 171
76 211
76 97
76 181
76 212
76 233
76 186
76 161
76 187
76 162
186 171
186 181
138 194
138 221
138 171
138 31
138 233
138 234
138 67
138 70
138 224
138 54
138 133
138 75
138 57
138 186
138 211
138 190
138 235
138 69
138 113
138 131
138 61
138 212
138 76
138 213
138 79
138 74
138 162
138 169
173 172
74 171
192 171
227 97
227 101
227 165
227 164
227 3
227 14
225 98
225 177
126 143
126 219
126 194
126 207
126 33
126 216
126 37
165 101
165 14
165 2
152 98
152 97
152 102
152 164
152 14
152 187
152 118
153 189
153 173
153 171
153 204
44 171
44 97
44 212
44 176
136 171
136 164
3 65
51 171
154 162
154 171
154 164
154 97
56 171
56 28
56 194
80 143
80 37
80 171
59 171
59 181
25 171
25 98
25 101
25 212
25 102
25 164
25 187
52 48
52 171
63 171
63 97
63 166
81 171
81 185
149 190
149 171
149 224
149 138
149 221
149 69
149 116
149 113
54 171
54 194
54 181
54 233
54 216
15 10
15 97
15 65
15 14
211 171
211 11
211 221
211 186
211 166
2 13
127 171
127 172
127 165
127 207
127 33
127 37
195 171
195 184
195 189
195 164
157 19
157 174
71 65
71 171
94 171
94 177
94 165
94 97
94 164
94 13
112 52
112 171
112 53
22 177
22 168
141 65
141 171
164 98
164 177
164 101
164 9
164 13
164 102
164 14
164 162
164 226
129 171
133 171
133 221
196 171
107 171
119 171
119 98
119 97
119 184
67 171
67 221
67 166
67 181
67 233
67 186
67 216
213 171
213 190
213 162
213 221
213 211
213 181
213 97
23 177
23 180
23 65
23 164
23 14
23 2
193 171
193 14
216 171
216 177
216 97
216 221
216 13
111 189
111 173
111 171
111 204
14 98
14 177
14 65
131 190
131 171
131 211
131 221
131 213
131 199
125 171
125 37
40 171
144 171
224 221
224 171
224 198
197 171
197 97
197 180
197 13
197 187
197 2
36 171
36 97
36 223
89 171
108 172
108 203
48 52
48 171
48 101
48 31
118 210
118 157
118 171
118 158
118 159
118 55
118 98
118 156
118 25
118 177
118 24
118 26
118 19
118 99
118 97
118 227
118 166
118 180
118 13
118 7
118 181
118 1
118 18
118 174
118 209
118 164
118 186
118 161
118 3
118 14
118 187
118 214
118 162
118 226
118 2
118 11
118 225
118 38
118 160
82 171
202 171
202 97
202 162
202 226
222 171
222 101
220 98
220 101
220 102
194 171
172 165
172 164
172 101
172 97
172 98
103 100
103 171
103 194
103 181
103 198
103 207
103 233
109 171
115 171
115 163
115 29
115 50
115 49
115 65
115 155
115 217
115 176
115 170
115 20
115 208
115 98
115 164
115 9
115 39
115 165
115 232
115 178
115 177
115 4
115 21
115 30
115 17
115 179
115 182
115 45
115 16
90 100
90 171
90 194
90 181
90 198
90 207
90 233
