13 14
13 51
42 61
42 2
42 57
42 15
42 60
42 23
41 61
41 15
9 14
9 31
9 51
9 23
36 27
36 9
36 14
36 2
36 12
36 31
36 65
36 10
36 51
36 23
53 55
45 20
32 48
10 14
10 68
10 43
60 2
60 31
54 68
54 32
54 48
54 65
47 23
65 64
65 31
65 23
65 48
39 49
39 31
39 51
39 13
39 23
34 61
34 12
34 36
34 51
34 60
34 37
34 21
34 23
61 30
61 44
61 27
61 40
61 9
61 29
61 56
61 35
61 14
61 66
61 2
61 36
61 39
61 12
61 58
61 11
61 57
61 49
61 19
61 47
61 15
61 31
61 69
61 7
61 65
61 10
61 50
61 51
61 13
61 24
61 22
61 45
61 60
61 62
61 37
61 25
61 63
61 1
61 43
61 21
61 67
61 18
61 20
61 23
59 55
59 28
59 52
40 56
40 2
40 39
40 51
40 43
33 6
33 32
33 53
33 54
33 4
33 5
33 28
33 46
33 8
33 3
33 38
33 48
33 52
33 26
35 43
15 35
15 14
15 49
15 68
15 43
68 31
68 65
68 43
30 31
30 23
69 20
66 27
66 66
66 12
66 58
66 65
66 68
66 23
27 12
27 58
27 36
62 30
62 31
62 23
37 9
37 2
37 10
37 51
29 65
29 10
29 25
29 23
49 51
49 68
51 30
51 14
51 31
51 23
7 27
7 12
7 58
1 57
16 10
16 17
16 62
16 63
44 56
44 2
44 31
44 51
44 13
