0 0
1 3
2 3
3 4
4 5
5 4
6 4
7 2
8 1
9 5
10 4
11 4
12 3
13 1
14 3
15 3
16 5
17 4
18 1
19 3
20 4
21 5
22 4
23 3
24 3
25 3
26 5
27 5
28 4
29 5
30 5
31 2
32 5
33 2
34 4
35 4
36 4
37 4
38 5
39 4
40 2
41 2
42 1
43 5
44 2
45 4
46 2
47 2
48 1
49 1
50 5
51 4
52 4
53 2
54 4
55 1
56 1
57 3
58 4
59 3
60 2
61 3
62 1
63 4
64 2
65 5
66 5
67 4
68 1
69 2
70 5
71 1
72 2
73 5
74 2
75 4
76 1
77 4
78 4
79 5
80 5
81 5
82 5
83 1
84 2
85 5
86 4
87 3
88 5
89 2
90 4
91 5
92 5
93 4
94 1
95 2
96 2
97 2
98 5
99 5
100 5
101 2
102 2
103 4
104 4
105 4
