12 15
12 31
12 76
32 22
32 70
87 12
87 76
40 31
40 97
40 101
36 7
36 45
36 103
28 22
28 34
28 104
28 20
28 3
28 93
28 11
28 90
28 103
28 37
28 5
2 15
2 12
99 50
67 104
67 11
67 45
67 105
67 103
35 22
35 3
35 93
35 103
34 20
34 3
34 11
34 103
34 76
11 103
11 36
97 28
97 7
97 45
97 47
97 49
97 46
97 62
97 95
97 31
97 64
97 66
61 3
61 1
61 2
61 12
61 31
61 19
56 18
56 13
56 48
56 46
56 62
56 8
56 76
51 36
51 103
51 11
59 31
59 19
59 76
84 46
84 33
86 6
86 22
86 34
86 20
86 3
86 11
86 45
86 76
30 104
30 28
30 38
30 4
30 103
70 50
79 27
31 15
74 7
74 46
20 11
20 3
20 103
20 36
91 79
91 38
91 44
91 4
91 27
91 64
91 66
95 44
95 33
95 89
101 7
101 46
101 31
69 47
69 93
69 33
54 6
54 93
54 11
54 39
100 3
104 22
104 34
104 20
104 11
104 103
104 76
104 37
104 105
92 80
92 30
92 73
92 99
92 79
92 6
92 17
92 85
92 22
92 34
92 104
92 20
92 75
92 35
92 3
92 93
92 11
92 28
92 68
92 43
92 82
92 91
92 7
92 10
92 45
92 16
92 48
92 105
92 47
92 32
92 38
92 77
92 49
92 44
92 46
92 51
92 54
92 95
92 4
92 90
92 98
92 88
92 9
92 63
92 71
92 103
92 26
92 27
92 39
92 100
92 36
92 86
92 37
92 76
92 81
92 67
92 5
92 84
92 52
92 70
92 78
92 21
92 65
92 29
92 64
92 66
5 3
5 93
5 11
5 63
5 103
89 64
1 103
17 22
17 35
17 93
17 11
17 103
55 18
55 13
55 48
55 46
55 62
55 8
55 76
10 104
10 37
9 28
9 38
9 4
9 39
9 64
75 22
75 34
75 20
75 104
75 11
75 28
75 90
75 76
75 37
53 96
53 84
78 11
78 28
78 36
57 24
57 2
57 61
57 12
57 23
57 15
57 14
57 25
57 87
57 1
57 59
57 19
39 3
39 93
39 11
39 20
39 28
39 68
39 46
96 96
96 84
37 3
37 11
37 63
41 7
41 46
90 20
90 11
90 37
42 62
52 6
52 17
52 20
52 35
52 93
52 11
52 34
52 62
44 45
4 82
4 11
4 34
4 84
3 22
3 45
3 49
3 103
3 36
38 79
77 20
77 11
77 37
77 5
72 95
72 89
72 33
64 33
105 99
105 93
105 68
105 45
6 34
6 35
6 93
6 11
6 105
6 103
76 45
76 49
76 68
58 105
103 82
103 7
94 62
60 44
60 95
102 11
102 7
102 46
93 3
93 11
93 45
93 103
93 36
83 71
83 76
