0 0
1 3
2 15
3 15
4 14
5 4
6 8
7 7
8 14
9 8
10 1
11 4
12 3
13 3
14 11
15 7
16 3
17 4
18 3
19 12
20 6
21 7
22 3
23 4
24 14
25 4
26 10
27 3
28 15
29 13
30 3
31 4
32 14
33 4
34 3
35 10
36 11
37 10
38 3
39 9
40 11
41 2
42 11
43 5
44 1
45 9
46 15
47 3
48 7
49 9
50 8
51 10
52 3
53 14
54 5
55 3
56 1
57 12
58 8
59 10
60 10
61 14
62 6
63 14
64 3
65 4
66 7
67 7
68 12
69 9
70 10
71 9
72 15
73 10
74 6
75 10
76 10
77 9
78 11
79 14
80 12
81 11
82 9
83 10
84 5
85 8
86 15
87 10
88 6
89 8
90 10
91 15
92 10
93 10
94 9
95 9
96 8
97 11
98 1
99 3
100 10
101 4
102 3
103 6
104 12
105 12
106 1
107 10
108 10
109 10
110 11
111 11
112 3
113 10
114 6
115 1
116 10
117 5
118 7
119 9
120 10
121 12
122 12
123 1
124 10
125 1
126 10
127 13
128 15
129 14
130 10
131 10
132 10
133 15
134 15
135 1
136 14
137 10
138 15
139 15
140 10
141 6
142 9
143 11
144 12
145 6
146 9
147 10
148 7
149 12
150 14
151 14
152 5
153 15
154 11
155 10
156 4
157 10
158 6
159 15
160 2
161 9
162 10
163 4
164 8
165 3
166 5
167 5
168 9
169 10
170 3
171 10
172 12
173 12
174 14
175 10
176 10
177 14
178 12
179 2
180 3
181 8
182 12
183 5
184 10
185 11
186 4
187 11
188 11
189 14
190 10
191 7
192 2
193 14
194 5
195 10
196 5
197 3
198 8
199 11
200 5
201 6
202 15
203 10
204 3
205 14
206 9
207 3
208 14
209 11
210 11
211 9
212 4
213 6
214 1
215 7
216 4
217 10
218 6
219 9
220 7
221 9
222 10
223 15
224 4
225 5
226 2
227 3
228 13
229 2
230 10
231 2
232 3
233 3
234 12
235 10
236 8
237 14
238 6
239 10
240 11
241 9
242 10
243 14
244 11
245 4
246 7
247 9
248 14
249 4
250 1
251 9
252 4
253 14
254 8
255 10
256 6
257 11
258 10
259 5
260 3
261 15
262 10
263 8
264 15
265 14
266 6
267 13
268 5
269 6
270 5
271 5
272 11
273 14
274 11
275 9
276 5
277 6
278 11
279 3
280 7
281 13
282 9
283 1
284 3
285 1
286 3
287 3
288 10
289 10
290 6
291 4
292 1
293 6
294 14
295 9
296 11
297 11
298 8
299 10
300 12
301 6
302 6
303 9
304 5
305 10
306 5
307 5
308 3
309 5
310 10
311 10
312 9
313 7
314 3
315 9
316 10
317 8
318 5
319 11
320 9
321 6
322 6
323 7
324 3
325 11
326 15
327 9
328 5
329 10
330 3
331 15
332 13
333 11
334 5
335 1
336 15
337 6
338 6
339 6
340 13
341 6
342 6
343 9
344 10
345 8
346 8
347 14
348 14
349 10
350 6
351 3
352 4
353 6
354 8
355 9
356 8
357 4
358 4
359 9
360 9
361 9
362 15
363 2
364 10
365 14
366 11
367 11
368 7
369 8
370 2
371 14
372 7
373 14
374 10
375 15
376 3
377 11
378 14
379 14
380 4
381 6
382 5
383 3
384 7
385 14
386 13
387 14
388 8
389 9
390 14
391 10
392 13
393 13
394 6
395 3
396 10
397 14
398 10
399 9
400 1
401 10
402 10
403 10
404 4
405 2
406 9
407 6
408 6
409 2
410 11
411 3
412 14
413 3
414 11
415 12
416 3
417 3
418 14
419 7
420 7
421 2
422 14
423 10
424 15
425 10
426 2
427 3
428 6
429 3
430 7
431 5
432 7
433 3
434 6
435 5
436 12
437 9
438 3
439 14
440 5
441 14
442 10
443 10
444 14
445 2
446 8
447 7
448 4
449 9
450 14
451 14
452 3
453 14
454 3
455 6
456 7
457 10
458 15
459 5
460 7
461 1
462 9
463 11
464 7
465 7
466 8
467 14
468 3
469 7
470 4
471 10
472 9
473 6
474 1
475 12
476 5
477 4
478 7
479 11
480 10
481 9
482 3
483 10
484 3
485 12
486 15
487 3
488 11
489 11
490 6
491 6
492 2
493 7
494 14
495 10
496 6
497 3
498 14
499 7
500 13
501 10
502 4
503 12
504 14
505 14
506 9
507 10
508 14
509 14
510 3
511 14
512 15
513 7
514 3
515 7
516 1
517 4
518 3
519 7
520 10
521 9
522 10
523 8
524 6
525 7
526 15
527 4
528 11
529 3
530 5
531 9
532 1
533 4
534 3
535 15
536 10
537 14
538 10
539 6
540 6
541 3
542 6
543 10
544 12
545 9
546 10
547 14
548 10
549 8
550 3
551 14
552 3
553 1
554 3
555 5
556 3
557 10
558 10
559 14
560 13
561 5
562 15
563 14
564 1
565 5
566 8
567 5
568 10
569 7
570 5
571 15
572 10
573 7
574 1
575 14
576 14
577 10
578 7
579 9
580 14
581 14
582 4
583 15
584 14
585 3
586 15
587 10
588 9
589 7
590 6
591 2
592 15
593 9
594 1
595 10
596 1
597 14
598 14
599 14
600 14
601 3
602 14
603 5
604 10
605 14
606 10
607 13
608 10
609 11
610 14
611 14
612 7
613 6
614 15
615 11
616 3
617 2
618 14
619 6
620 7
621 3
622 10
623 8
624 2
625 13
626 10
627 14
628 10
629 9
630 10
631 12
632 14
633 10
634 4
635 7
636 6
637 10
638 9
639 6
640 15
641 15
642 2
643 1
644 4
645 13
646 10
647 13
648 11
649 14
650 14
651 1
652 3
653 4
654 15
655 8
656 15
657 5
658 8
659 14
660 11
661 6
662 14
663 15
664 6
665 6
666 1
667 8
668 13
669 11
670 15
671 10
672 2
673 14
674 3
675 14
676 3
677 9
678 9
679 2
680 9
681 14
682 11
683 9
684 5
685 15
686 3
687 14
688 14
689 14
690 11
691 14
692 7
693 3
694 3
695 8
696 3
697 14
698 3
699 11
700 14
701 14
702 2
703 7
704 14
705 3
706 14
707 15
708 6
709 3
710 15
711 15
712 5
713 11
714 7
715 7
716 7
