514 18
514 207
610 208
610 659
610 675
610 662
610 61
610 8
610 53
610 597
28 91
28 331
527 25
688 597
688 193
688 662
688 150
688 581
688 53
688 444
688 551
688 375
688 24
627 535
627 150
627 24
484 454
484 705
484 686
484 20
484 197
484 413
484 644
484 12
484 279
38 279
38 284
38 521
378 650
378 597
378 662
378 53
378 365
378 207
378 697
378 177
378 151
378 373
378 218
378 8
378 136
378 675
509 650
509 597
509 193
509 662
509 689
509 297
509 8
509 537
509 602
30 207
30 136
659 248
659 326
659 444
659 551
659 286
500 597
500 91
500 274
500 560
500 284
500 662
500 314
500 29
500 645
500 705
500 393
500 228
500 644
447 7
545 359
545 531
545 282
545 221
545 95
545 241
545 71
545 77
545 251
545 295
545 677
711 326
418 91
418 152
418 581
418 504
418 61
418 253
418 675
482 91
482 284
482 662
482 30
482 314
482 189
419 150
419 286
419 525
600 129
600 193
600 662
600 11
600 444
600 297
600 21
151 597
151 659
151 193
151 662
151 588
151 535
151 673
151 581
151 247
151 444
151 373
151 8
151 675
268 259
268 117
434 353
434 381
434 211
434 337
434 408
434 368
434 639
434 556
434 218
434 496
434 428
434 238
434 644
434 394
434 524
9 446
9 50
228 331
228 332
228 668
228 8
481 545
481 462
481 588
481 119
481 439
481 644
481 600
396 87
469 715
469 368
469 138
469 280
625 386
473 44
473 145
473 394
473 266
473 636
473 576
473 350
473 407
473 597
473 687
473 649
473 673
473 256
473 678
473 665
473 213
473 62
473 321
473 664
473 347
473 269
473 342
473 339
473 340
473 293
473 539
473 540
473 338
473 704
473 661
697 444
701 597
701 547
701 662
701 294
701 182
701 331
701 61
701 8
305 59
144 544
144 504
618 575
618 627
618 134
618 563
618 156
618 618
437 579
475 170
475 503
475 104
475 178
475 606
475 149
475 182
475 301
475 122
475 436
475 705
475 265
475 80
475 368
475 19
475 121
475 172
475 68
475 300
475 641
475 234
475 644
475 105
475 173
475 57
475 279
493 703
493 662
493 612
493 48
493 313
404 224
404 380
486 458
559 597
559 584
497 284
497 541
497 395
497 247
497 573
497 368
497 620
497 279
497 375
12 634
634 23
634 380
634 156
634 582
539 665
539 661
410 410
489 272
489 296
595 140
595 546
595 637
595 171
595 626
595 262
595 520
595 155
595 501
595 311
595 364
595 630
595 35
563 32
563 444
563 347
563 677
61 659
61 8
61 136
586 91
554 674
554 55
614 597
614 46
614 193
614 662
614 707
614 584
614 365
614 444
614 331
614 362
614 138
614 583
614 8
614 2
614 136
614 592
614 153
614 24
63 178
63 504
63 563
371 662
371 598
371 644
64 52
64 284
64 1
64 696
64 314
64 616
692 697
692 148
692 716
692 582
298 331
390 547
390 602
390 575
390 584
390 677
390 681
390 537
605 605
605 584
605 547
605 597
605 677
605 226
494 353
494 597
494 560
494 662
494 178
494 208
494 649
494 150
494 581
494 365
494 314
494 292
494 504
494 378
494 189
494 8
494 675
494 563
494 286
385 599
385 559
385 598
385 189
385 600
365 379
365 43
365 662
365 373
365 8
365 24
343 545
568 608
327 618
327 545
327 531
327 267
327 662
327 649
327 576
327 675
327 677
327 394
327 563
592 331
592 138
592 8
592 136
525 519
525 697
525 21
490 560
490 88
490 573
490 114
490 322
490 103
490 74
490 293
490 619
490 347
490 644
519 697
656 136
470 644
421 314
421 573
421 405
463 609
463 274
463 423
463 367
463 414
463 615
463 325
463 479
463 573
463 111
463 240
463 233
463 296
667 236
576 8
576 590
576 31
576 678
576 248
576 649
11 527
423 558
423 59
423 305
423 495
552 650
458 264
458 128
458 91
458 423
458 184
458 444
458 117
458 645
458 223
458 139
458 86
458 641
458 336
458 644
505 193
505 665
505 649
505 444
505 248
505 8
533 527
575 597
631 544
318 560
318 662
318 395
318 331
318 573
333 333
368 191
368 379
368 515
368 248
368 649
368 67
368 521
368 444
368 551
368 693
368 405
368 324
368 8
368 675
400 532
400 662
400 576
400 292
400 461
400 44
400 10
400 24
567 193
567 581
567 570
567 8
641 533
641 656
641 707
641 159
641 571
641 512
641 202
641 640
641 326
641 444
641 331
641 261
641 526
641 362
641 72
641 654
641 710
641 583
641 8
641 2
641 614
641 380
641 663
641 592
641 153
593 361
593 95
593 221
593 677
52 696
689 581
689 49
689 79
689 8
453 618
453 267
453 547
453 301
453 348
453 138
453 218
453 324
453 347
453 563
453 602
588 69
450 599
450 581
450 314
450 697
450 598
450 189
450 153
450 22
450 600
474 56
474 650
474 574
474 98
474 703
474 532
474 214
474 335
474 123
474 125
474 285
474 444
474 643
474 250
474 283
474 596
474 106
474 681
474 583
474 218
474 516
474 25
474 666
474 553
474 135
474 134
474 564
474 586
474 514
474 115
687 632
687 253
465 182
465 368
465 432
420 597
420 280
420 368
420 620
420 583
420 675
420 644
420 279
492 624
492 55
492 363
492 672
492 160
492 642
492 41
492 674
492 562
492 702
492 583
492 426
492 617
492 158
492 229
492 231
492 679
492 226
492 409
492 445
422 599
422 559
422 598
422 405
422 600
422 422
513 148
601 709
477 17
477 357
477 615
477 65
477 101
477 641
477 358
477 352
477 644
478 368
478 715
216 662
216 212
216 331
216 583
216 189
216 8
157 289
330 207
626 108
435 314
435 318
435 567
435 327
573 148
457 609
457 455
457 608
457 538
457 546
457 560
457 208
457 584
457 544
457 184
457 314
457 425
457 444
457 211
457 504
457 595
457 705
457 109
457 368
457 175
457 316
457 37
457 311
457 253
457 349
457 190
457 20
457 197
457 641
457 372
457 387
457 644
457 286
212 380
710 153
685 91
685 134
685 670
556 395
498 63
498 193
498 706
498 710
498 514
449 644
449 545
71 359
261 336
93 131
680 361
542 248
542 665
542 141
542 247
542 88
542 339
542 8
542 341
383 597
383 530
383 705
383 693
389 545
211 545
211 521
211 363
211 247
211 221
211 444
211 361
211 226
590 302
686 379
686 547
686 709
686 301
686 705
686 674
686 324
686 8
686 644
686 677
686 601
635 66
60 255
379 129
379 91
379 581
379 280
379 380
411 324
411 552
299 147
299 364
174 597
174 294
174 444
174 348
174 79
174 8
174 24
3 159
3 447
3 670
613 158
613 293
613 708
613 546
613 20
646 572
485 544
485 182
506 39
506 177
506 472
506 592
506 219
506 315
480 606
480 558
480 184
480 59
480 501
480 195
480 305
480 190
480 401
480 495
583 331
583 375
583 685
583 133
366 274
366 314
366 210
622 116
616 212
616 395
616 207
616 331
616 556
616 286
439 597
439 545
439 177
439 412
439 563
439 600
511 650
511 597
511 662
511 53
511 365
511 207
511 697
511 177
511 151
511 373
511 197
511 8
511 136
511 675
621 314
621 597
391 584
391 314
391 311
391 644
294 444
294 243
294 129
456 615
456 368
456 644
456 600
456 432
456 692
455 301
561 530
561 697
645 39
645 393
54 567
54 570
691 599
691 379
691 597
691 545
691 53
691 576
691 79
691 537
594 12
594 285
594 697
594 634
599 193
599 53
599 365
170 284
170 207
170 233
170 698
370 363
370 226
126 108
126 137
126 126
619 301
619 677
619 563
619 294
619 662
373 294
193 697
193 444
193 193
467 545
467 560
467 662
467 649
467 150
467 301
467 29
467 697
467 61
467 228
467 79
467 324
467 8
467 537
415 544
466 85
466 667
466 623
466 532
466 662
466 346
466 178
466 198
466 294
466 50
466 181
466 298
466 705
466 655
466 9
466 513
466 390
466 446
466 435
466 629
466 96
466 388
466 6
466 549
466 317
466 164
466 369
466 220
466 89
466 197
466 566
466 695
466 58
466 523
466 330
466 254
466 236
466 644
466 263
466 658
466 634
466 356
466 354
152 555
152 286
205 597
205 687
205 348
205 61
502 644
609 609
609 703
609 314
609 405
609 297
167 43
597 379
597 284
597 662
597 152
597 53
597 243
597 8
397 584
397 644
483 73
483 191
483 217
483 557
483 546
483 329
483 230
483 90
483 310
483 637
483 572
483 628
483 67
483 171
483 626
483 367
483 176
483 262
483 87
483 242
483 615
483 325
483 520
483 501
483 111
483 543
483 548
483 442
483 408
483 368
483 344
483 75
483 169
483 374
483 258
483 311
483 522
483 288
483 633
483 507
483 577
483 126
483 190
483 240
483 398
483 20
483 92
483 233
483 324
483 136
483 604
483 386
483 671
483 113
483 646
483 147
483 10
483 630
483 35
483 70
483 255
483 60
483 587
192 597
192 662
192 179
192 363
192 504
192 591
192 405
192 226
1 696
668 332
369 686
369 662
369 117
369 273
369 345
508 644
508 600
180 597
180 395
180 207
180 514
180 212
488 615
488 410
476 657
476 379
476 597
476 618
476 320
476 559
476 43
476 328
476 431
476 228
476 688
476 593
476 259
476 268
476 270
476 267
476 193
476 271
476 392
476 530
476 662
476 179
476 575
476 570
476 440
476 32
476 152
476 555
476 603
476 150
476 627
476 689
476 581
476 167
476 441
476 565
476 576
476 709
476 314
476 174
476 444
476 54
476 183
476 306
476 307
476 166
476 348
476 237
476 620
476 276
476 205
476 84
476 712
476 309
476 304
476 194
476 619
476 151
476 196
476 318
476 536
476 684
476 621
476 373
476 382
476 200
476 225
476 334
476 567
476 580
476 675
476 594
476 561
476 563
476 652
476 410
476 601
476 24
651 545
651 532
651 8
651 10
683 545
647 332
647 668
647 560
647 29
647 293
392 267
392 294
392 29
392 331
392 297
392 340
392 24
429 379
429 179
429 705
24 248
24 649
24 8
272 296
51 132
629 545
629 274
629 247
629 49
629 79
629 218
629 8
551 91
560 281
560 91
560 284
560 127
560 207
560 292
560 331
560 607
560 668
560 8
560 136
560 386
560 255
441 8
441 580
177 584
706 274
706 560
706 588
706 314
706 177
706 4
706 563
706 600
479 33
479 140
479 110
479 529
479 690
479 42
479 18
479 274
479 377
479 535
479 67
479 669
479 452
479 685
479 365
479 14
479 333
479 454
479 682
479 414
479 615
479 595
479 325
479 483
479 520
479 705
479 278
479 573
479 111
479 368
479 528
479 36
479 97
479 648
479 660
479 319
479 185
479 591
479 188
479 429
479 187
479 216
479 332
479 20
479 583
479 426
479 297
479 641
479 2
479 136
479 81
479 244
479 154
479 199
479 257
479 76
479 133
479 675
479 644
479 699
479 713
479 78
479 40
479 296
479 156
479 209
479 143
479 602
394 302
534 22
677 678
677 531
677 91
677 662
677 150
677 95
677 49
677 542
677 79
273 597
273 559
273 688
273 593
273 575
273 584
273 576
273 205
273 611
273 347
273 594
273 537
696 529
696 676
580 193
580 551
580 276
580 8
399 545
472 320
472 355
472 545
472 579
472 588
472 45
472 119
472 303
472 161
472 368
472 142
472 205
472 177
472 69
472 146
472 219
472 226
472 315
472 168
472 437
546 108
546 120
546 676
546 130
546 137
546 262
546 26
546 182
546 222
546 127
546 203
546 403
546 162
546 59
546 131
546 93
546 116
546 155
546 622
546 501
546 124
546 548
546 138
546 51
546 100
546 235
546 604
546 107
546 471
546 347
546 364
546 495
546 83
546 132
546 239
412 599
412 688
412 545
412 706
412 150
412 627
412 444
412 61
412 177
412 439
412 591
412 567
412 563
412 286
412 600
412 24
499 703
499 294
499 430
581 129
581 193
581 444
581 243
652 286
452 534
452 52
452 314
452 153
452 22
452 286
424 546
424 91
424 178
424 535
424 423
424 521
424 581
424 224
424 301
424 697
424 444
424 95
424 458
424 700
424 2
424 614
424 336
424 372
424 675
424 644
424 401
424 286
462 63
462 359
462 545
462 267
462 248
462 521
462 303
462 444
462 368
462 71
462 361
462 94
462 275
462 360
462 295
462 563
462 638
462 312
462 206
462 82
451 527
451 63
451 662
451 365
451 504
451 265
451 387
451 4
451 675
289 557
277 301
277 218
644 527
644 33
644 515
644 546
644 281
644 529
644 212
644 178
644 248
644 11
644 224
644 30
644 301
644 5
644 595
644 653
644 95
644 163
644 607
644 700
644 23
644 280
644 186
644 31
644 448
644 380
644 347
644 517
644 252
644 245
644 291
644 296
644 249
577 76
577 70
402 284
402 301
402 8
402 76
2 662
2 159
2 331
2 138
2 134
491 290
491 353
491 381
491 201
491 211
491 337
491 408
491 368
491 639
491 556
491 189
491 496
491 238
491 644
491 428
491 590
491 524
454 705
454 554
454 552
454 12
454 279
487 376
487 204
487 52
487 91
487 99
487 27
487 16
487 287
487 13
487 351
487 416
487 395
487 1
487 247
487 585
487 518
487 207
487 697
487 615
487 705
487 550
487 510
487 102
487 368
487 260
487 112
487 694
487 438
487 433
487 308
487 165
487 429
487 34
487 693
487 417
487 232
487 227
487 47
487 568
487 413
487 554
487 552
487 427
487 12
487 279
487 313
487 375
487 22
487 406
487 286
459 353
459 368
459 567
459 675
620 372
611 8
611 662
611 237
611 444
611 673
611 347
611 700
611 79
611 704
611 248
413 649
413 674
413 567
413 554
413 552
413 12
413 286
413 24
464 534
464 384
464 533
464 503
464 469
464 66
464 370
464 696
464 578
464 714
464 48
464 519
464 323
464 573
464 148
464 368
464 246
464 7
464 215
464 456
464 447
464 15
464 635
464 460
464 589
464 118
464 220
464 189
464 641
464 211
464 716
464 21
464 4
464 644
464 569
464 430
464 670
464 525
464 432
464 692
166 328
269 665
406 552
406 95
536 364
201 363
201 301
468 546
468 478
468 247
468 301
468 444
468 458
468 429
468 644
468 279
468 153
468 563
468 525
468 468
443 255
705 112
705 204
705 444
705 545
705 697
705 286
705 91
705 79
705 314
705 210
705 279
549 549
562 72
562 670
