0 0
1 10
2 5
3 8
4 1
5 2
6 5
7 8
8 6
9 9
10 6
11 5
12 10
13 1
14 9
15 7
16 4
17 10
18 9
19 7
20 2
21 10
22 10
23 2
24 8
25 5
26 9
27 2
28 2
29 2
30 5
31 3
32 9
33 2
34 7
35 9
36 8
37 8
38 6
39 7
40 7
41 7
42 6
43 8
44 7
45 7
46 7
47 7
48 3
49 7
50 7
51 7
52 7
53 3
54 1
55 8
56 4
57 7
58 7
59 10
60 6
61 7
62 6
63 1
64 7
65 7
66 7
67 3
68 7
69 7
70 7
71 5
72 7
73 3
74 9
75 7
76 7
77 7
78 7
79 5
80 4
81 6
82 8
83 3
84 7
85 8
86 8
87 7
88 9
89 3
90 2
91 7
92 3
93 9
94 10
95 9
96 9
97 8
98 3
99 8
100 6
101 8
102 6
103 5
104 8
105 9
106 8
107 9
108 5
109 2
110 9
111 9
112 4
113 8
114 10
115 9
116 5
117 5
118 9
119 8
120 10
121 9
122 5
123 2
124 9
125 9
126 9
127 6
128 9
129 3
130 5
131 3
132 9
133 9
134 9
135 9
136 6
137 4
138 7
139 10
140 9
141 5
142 9
143 4
144 2
145 9
146 9
147 8
148 8
149 8
150 5
151 5
152 8
153 2
154 5
155 4
156 5
157 5
158 2
159 5
160 5
161 5
162 8
163 6
164 10
165 9
166 6
167 9
168 5
169 5
170 8
171 7
172 2
173 9
174 9
175 9
176 9
177 9
178 9
179 9
180 4
181 4
182 9
183 9
184 7
185 8
186 2
187 3
188 1
189 9
190 6
191 9
192 10
193 2
194 4
195 7
196 3
197 8
198 7
199 2
200 8
201 1
202 7
203 4
204 2
205 7
206 8
207 2
208 2
209 2
210 8
211 2
212 4
213 8
214 8
215 8
216 9
217 5
218 4
219 4
220 1
221 10
222 2
223 5
224 2
225 1
226 5
227 2
228 10
229 1
230 8
231 9
232 9
233 9
234 2
235 2
236 6
237 9
238 9
239 5
240 4
241 9
242 8
243 9
244 4
245 2
246 1
247 9
248 5
249 9
250 3
251 8
252 9
253 8
254 5
255 2
256 9
257 8
258 1
259 2
260 4
261 8
262 9
263 8
264 9
265 8
266 8
267 3
268 2
269 10
270 8
271 1
272 9
273 8
274 2
275 10
276 9
277 8
278 10
279 8
280 2
281 2
282 8
283 7
284 8
285 8
286 8
287 8
288 6
289 6
290 9
291 9
292 4
293 9
294 3
295 7
296 4
297 9
298 5
299 6
300 8
301 1
302 2
303 2
304 10
305 2
