270 95
270 191
270 43
270 273
270 86
270 106
21 221
237 95
237 191
237 86
3 113
173 191
184 14
184 34
112 203
74 126
210 265
210 113
210 284
210 86
210 106
210 147
118 290
118 26
118 232
118 241
183 35
183 191
183 111
183 267
183 252
183 83
225 201
225 271
225 4
225 301
225 63
225 246
225 273
225 54
225 13
225 258
225 220
225 188
148 257
148 277
148 86
148 282
227 305
227 268
227 204
227 33
227 222
304 139
133 14
182 18
182 95
182 267
182 250
182 237
182 230
182 290
182 204
182 86
182 248
182 106
182 83
182 132
182 256
182 241
163 81
163 10
163 62
163 288
163 42
163 230
163 190
163 289
163 60
163 100
163 136
163 38
163 127
163 102
163 8
163 236
163 248
163 83
214 284
134 95
134 291
134 191
134 267
134 262
134 247
134 290
134 189
154 30
154 248
154 11
230 95
230 191
230 261
230 273
230 86
230 106
264 95
264 191
264 230
264 293
264 104
264 86
264 106
158 224
158 208
158 284
95 52
95 293
95 273
95 86
95 106
291 262
291 237
291 247
291 248
291 238
291 276
287 273
287 106
266 206
266 113
266 257
266 273
266 86
266 106
224 211
224 284
224 33
224 281
224 203
76 34
76 149
76 95
76 96
76 52
132 95
132 297
132 249
132 191
132 250
132 262
132 223
132 290
132 293
132 189
132 86
132 238
132 106
132 83
132 232
132 241
293 295
179 243
179 95
179 191
179 124
179 9
179 248
229 95
229 37
229 301
229 246
229 225
229 54
15 86
15 19
290 95
290 191
290 273
290 106
290 241
29 268
29 211
29 204
29 33
29 281
29 86
29 222
29 106
160 243
160 298
160 239
160 30
160 157
160 248
178 293
178 191
4 13
166 81
166 62
166 288
166 42
166 230
166 190
166 289
166 60
166 100
166 136
166 38
166 127
166 236
166 248
166 83
86 273
86 282
176 95
176 250
176 26
176 264
248 233
248 262
248 223
248 3
248 30
248 11
248 226
221 228
238 149
238 95
238 191
238 262
238 189
238 86
238 286
238 276
238 232
301 63
301 246
301 258
103 248
103 223
30 95
30 157
30 217
30 223
30 233
30 114
37 293
37 273
37 86
37 106
170 191
170 230
170 52
170 246
170 295
170 293
170 261
170 273
170 86
243 95
243 223
243 9
243 189
243 14
243 35
243 217
124 95
124 191
124 105
124 35
262 95
262 9
262 35
281 305
281 20
281 33
88 146
235 268
235 29
235 28
235 211
235 204
235 284
235 20
235 33
235 5
235 222
235 208
235 31
33 305
33 20
108 2
108 248
108 239
129 250
129 248
129 83
129 98
298 248
130 95
130 223
130 30
130 248
185 250
185 204
185 284
185 86
185 106
295 58
295 138
216 7
24 284
24 257
24 273
167 191
167 189
167 95
99 43
99 95
99 237
99 36
99 284
99 86
99 106
99 258
6 239
6 223
6 248
142 243
142 95
142 191
142 223
142 290
142 189
142 216
142 43
142 26
142 32
142 232
268 86
43 43
177 95
177 262
177 189
177 238
177 35
168 223
168 30
168 248
175 243
175 43
175 149
175 95
175 291
175 93
175 250
175 262
175 230
175 247
175 36
175 99
175 284
175 189
175 86
175 238
175 111
175 105
175 276
279 101
279 86
279 106
279 282
211 273
211 86
211 20
211 305
211 33
211 28
36 7
36 273
171 87
171 41
171 300
171 57
171 61
171 49
171 297
171 95
171 249
171 191
171 101
171 65
171 46
171 85
171 96
171 44
171 270
171 287
171 58
171 91
171 230
171 52
171 148
171 215
171 78
171 293
171 40
171 50
171 261
171 64
171 205
171 76
171 39
171 45
171 75
171 77
171 43
171 47
171 68
171 86
171 286
171 106
171 283
171 198
171 195
171 69
171 202
171 19
171 15
171 66
171 138
171 70
171 282
171 84
171 51
171 241
250 86
250 106
250 282
250 31
12 21
12 228
12 275
12 17
12 221
12 269
242 55
242 213
242 265
242 263
242 284
242 86
242 31
80 143
83 31
150 223
150 254
150 248
153 144
153 86
215 257
215 273
215 86
215 282
155 112
155 240
155 218
155 244
155 194
155 211
155 260
155 212
155 296
155 224
155 180
155 137
155 281
155 16
155 248
155 259
155 219
155 143
155 181
155 80
155 203
155 56
155 292
169 223
169 248
169 161
64 72
289 190
289 299
247 262
247 225
247 238
187 250
187 248
187 106
187 134
273 86
273 282
200 265
200 113
200 214
200 147
28 273
28 86
28 106
92 250
92 31
222 209
222 20
222 199
105 243
105 95
105 191
105 262
105 237
105 290
105 293
105 9
105 189
105 225
105 248
105 238
105 32
105 35
105 232
105 241
297 86
232 95
232 191
232 32
196 73
165 189
165 248
165 25
165 32
165 111
165 105
165 110
165 232
249 95
249 191
249 293
249 273
249 106
249 232
234 268
234 29
234 211
234 284
234 33
234 5
234 31
122 30
122 223
122 239
231 95
231 146
231 189
172 245
172 234
172 144
172 305
172 268
172 29
172 28
172 23
172 207
172 90
172 109
172 27
172 204
172 20
172 274
172 277
172 209
172 33
172 5
172 222
172 123
172 193
172 186
172 208
172 302
172 31
172 235
172 280
98 250
98 83
98 31
131 250
131 284
131 86
131 248
131 83
131 129
131 31
131 92
208 222
208 28
208 268
208 211
208 209
208 33
208 204
208 305
208 20
128 95
128 237
128 256
128 232
128 241
110 297
110 95
110 37
110 262
110 230
110 9
110 146
110 189
110 14
110 86
110 106
110 35
110 88
115 95
115 96
115 237
115 248
115 11
115 238
115 111
115 241
35 9
286 284
286 86
82 284
82 106
25 223
25 248
25 95
25 191
25 11
25 22
204 204
97 284
116 248
267 285
267 149
267 95
267 53
267 191
267 262
267 230
267 73
267 67
267 7
267 104
267 48
267 32
267 196
267 294
267 35
267 31
267 232
125 35
259 204
259 29
233 95
233 9
233 14
233 35
149 273
149 86
26 149
26 95
26 191
26 267
26 145
26 284
26 264
189 95
189 191
189 36
189 9
189 146
189 231
189 232
141 217
141 30
141 223
141 248
161 239
161 248
107 95
107 35
111 276
31 284
117 71
117 79
117 248
269 114
18 95
18 37
18 250
18 290
18 189
18 86
18 106
18 83
18 232
18 241
85 86
85 106
89 267
89 31
121 149
121 95
121 267
121 262
121 247
121 290
121 273
121 106
106 273
106 86
106 282
285 43
285 284
285 273
285 86
285 11
280 305
280 268
280 280
280 20
280 222
280 208
101 282
102 11
104 149
104 273
104 86
104 106
32 95
32 191
32 230
32 9
32 216
32 35
32 232
174 272
174 297
174 95
174 191
174 262
174 237
174 230
174 290
174 9
174 146
174 189
174 14
174 273
174 86
174 231
174 238
174 106
174 110
174 35
174 88
174 276
251 273
251 106
251 147
27 207
27 303
162 250
162 230
162 189
162 7
162 43
162 254
162 86
253 266
253 265
253 113
253 284
253 86
253 214
253 197
253 147
159 223
159 30
159 248
159 141
159 217
261 86
261 19
252 95
252 191
252 145
5 305
5 281
5 86
255 204
135 95
135 191
135 230
135 232
135 284
300 86
300 106
302 144
2 239
2 223
2 248
119 95
119 106
151 223
151 243
151 30
151 248
151 217
152 149
152 284
152 273
152 86
152 11
305 144
305 20
305 282
140 95
140 249
140 232
140 241
93 95
93 191
93 96
93 267
93 262
93 290
93 189
93 238
93 35
93 232
126 95
126 191
126 223
256 95
256 191
256 237
256 32
256 232
256 241
156 248
265 86
265 106
265 147
241 300
241 95
241 191
241 230
241 273
241 86
241 106
241 32
241 232
164 12
164 21
164 191
164 192
164 1
164 278
164 228
164 139
164 275
164 94
164 189
164 17
164 221
164 22
164 59
164 106
164 304
164 279
164 120
164 269
