0 0
1 8
2 3
3 3
4 5
5 6
6 3
7 3
8 3
9 9
10 8
11 9
12 8
13 4
14 3
15 4
16 4
17 6
18 4
19 5
20 5
21 5
22 8
23 5
24 7
25 6
26 9
27 4
28 3
29 3
30 3
31 8
32 9
33 5
34 3
35 9
36 5
37 9
38 5
39 3
40 2
41 1
42 3
43 9
44 3
45 4
46 3
47 4
48 4
49 3
50 7
51 3
52 3
53 1
54 4
55 7
56 4
57 3
58 2
59 9
60 5
61 3
62 5
63 5
64 3
65 8
66 5
67 9
68 8
69 5
70 5
71 5
72 5
73 9
74 6
75 1
76 5
77 4
78 8
79 2
80 9
81 5
82 9
83 2
84 9
85 1
86 2
87 5
88 9
89 4
90 4
91 5
92 5
93 5
94 8
95 5
96 6
97 5
98 3
99 6
100 6
101 4
102 6
103 4
104 9
105 5
106 5
107 4
108 4
109 4
110 3
111 8
112 3
113 3
114 7
115 4
116 5
117 1
118 4
119 5
120 1
121 6
122 3
123 1
124 1
125 4
126 1
127 8
128 6
129 4
130 5
131 5
132 5
133 3
134 7
135 5
136 9
137 7
138 8
139 4
140 4
141 8
142 5
143 9
144 9
145 4
146 3
147 9
148 9
149 7
150 4
151 1
152 4
153 8
154 1
155 8
156 3
157 3
158 7
159 6
160 1
161 1
162 1
163 8
164 6
165 1
166 9
