114 134
114 55
114 50
114 137
118 77
110 146
139 47
139 140
123 161
123 126
164 159
102 74
113 146
120 160
120 165
120 124
120 126
120 146
120 41
120 85
120 151
120 123
120 161
120 162
120 53
120 75
127 153
127 31
127 10
127 1
127 78
86 79
121 159
121 128
99 159
99 5
99 25
99 102
99 55
99 31
96 102
128 159
128 102
40 58
40 79
40 83
40 65
40 102
12 65
12 78
68 79
68 65
68 102
68 22
68 12
122 146
90 48
146 7
146 49
146 44
146 52
146 46
146 47
146 133
146 157
146 61
146 29
146 51
146 156
146 28
146 8
146 112
146 3
146 34
146 30
146 14
146 42
146 6
146 57
146 64
146 17
146 2
1 10
1 5
25 5
25 17
39 8
100 5
75 161
119 114
119 81
119 147
119 159
119 105
119 155
119 36
119 20
119 40
119 131
119 138
119 93
119 142
119 86
119 153
119 19
119 132
119 94
119 91
119 33
119 70
119 5
119 25
119 68
119 130
119 127
119 1
119 10
119 92
119 72
119 23
119 141
119 79
119 134
119 95
119 65
119 163
119 21
119 106
119 87
119 38
119 4
119 88
119 97
119 158
119 63
119 71
119 69
119 73
119 164
119 55
119 62
119 22
119 60
119 76
119 99
119 66
119 135
119 50
119 149
119 137
119 111
119 78
119 12
119 116
119 26
119 31
154 53
159 74
145 125
107 18
107 77
107 145
107 125
107 159
107 54
107 150
107 47
107 15
107 27
107 56
107 152
107 89
107 146
107 109
107 108
107 115
107 13
107 139
107 74
107 129
107 128
107 101
107 45
107 16
107 140
107 48
107 98
107 103
105 19
98 49
98 51
111 78
111 65
111 161
155 163
155 55
155 50
155 111
155 31
94 78
149 114
149 24
149 137
78 65
163 153
163 10
163 141
163 78
134 137
117 161
138 1
138 65
93 132
55 79
55 137
147 136
147 104
147 43
147 11
147 154
147 148
147 82
147 144
147 59
147 83
147 80
147 88
147 84
147 143
147 24
147 73
147 22
147 67
147 37
147 35
147 166
147 32
147 9
147 26
158 102
158 50
158 137
