0 0
1 3
2 4
3 5
4 5
5 1
6 5
7 1
8 1
9 3
10 1
11 5
12 4
13 6
14 1
15 6
16 2
17 5
18 6
19 2
20 6
21 4
22 4
23 1
24 1
25 1
26 1
27 5
28 1
29 5
30 1
31 4
32 2
33 2
34 6
35 1
36 4
37 3
38 1
39 1
40 6
41 4
42 2
43 1
44 2
45 5
46 4
47 4
48 4
49 3
50 4
51 5
52 5
53 5
54 1
55 6
56 5
57 1
58 4
59 4
60 5
61 2
62 2
63 1
64 5
65 5
66 5
67 3
68 2
69 2
70 2
71 6
72 2
73 4
74 3
75 4
76 4
77 5
78 4
79 4
80 4
81 5
82 4
83 6
84 2
85 2
86 2
87 2
88 4
89 3
90 5
91 3
92 2
93 2
94 2
95 3
96 3
97 1
98 2
99 4
100 3
101 1
102 6
103 1
104 3
105 2
106 4
107 4
108 5
109 5
110 5
111 5
112 4
113 2
114 1
115 4
116 2
117 1
118 1
119 5
120 2
121 4
122 5
123 2
124 2
125 5
126 2
127 3
128 5
129 5
130 4
131 2
132 4
133 1
134 3
135 2
136 4
137 3
138 2
139 2
140 2
141 2
142 3
143 3
144 2
145 2
146 1
147 6
148 4
149 6
150 4
151 5
152 2
153 2
154 6
155 2
156 1
157 5
158 5
159 4
160 4
161 5
162 1
163 4
164 5
165 5
166 3
167 4
168 6
169 6
170 5
171 4
172 4
173 4
174 4
175 1
176 4
177 4
178 2
179 5
180 4
181 1
182 5
183 2
184 1
185 6
186 5
187 5
188 1
189 5
