92 16
92 105
92 124
92 183
92 113
92 131
92 141
92 132
92 138
92 33
92 116
92 123
92 32
92 120
92 62
92 126
92 108
92 19
92 153
92 61
163 82
163 107
154 102
72 131
72 183
72 138
72 178
72 82
72 4
72 32
72 128
72 6
72 144
72 145
72 153
188 47
53 65
53 186
53 82
53 128
6 186
6 4
76 186
76 75
76 82
76 106
76 115
76 160
76 107
133 82
133 10
159 82
61 131
61 183
61 155
61 135
131 16
131 105
131 183
131 42
131 178
131 49
131 33
131 32
131 123
131 122
131 120
131 62
131 77
131 152
131 126
131 108
131 19
131 153
131 79
131 44
69 124
69 131
69 6
69 153
69 135
82 75
82 106
82 107
68 113
68 183
68 132
68 178
68 139
68 77
68 107
68 145
68 153
51 136
71 147
19 47
19 82
19 79
83 147
83 102
95 76
95 124
95 147
95 146
95 75
95 9
95 153
8 186
151 172
151 128
151 6
50 107
102 154
171 82
171 76
171 79
12 53
12 82
101 82
101 8
101 50
147 20
147 104
147 55
147 124
147 186
147 102
147 15
147 34
147 114
147 40
147 13
147 122
147 175
147 46
147 128
147 177
147 6
147 185
147 154
147 18
147 149
147 168
147 153
90 66
90 119
90 51
90 125
90 170
90 45
90 11
90 81
90 64
90 132
90 138
90 49
90 164
90 111
90 4
90 189
90 161
90 158
90 3
90 129
90 50
90 77
90 109
90 128
90 151
90 27
90 29
90 118
90 52
90 144
90 121
90 180
90 182
183 45
183 49
183 171
183 126
183 19
98 86
98 124
98 131
98 116
98 144
98 145
98 153
59 75
31 171
31 175
31 107
31 79
162 175
111 53
111 4
111 122
111 6
52 65
52 53
52 82
52 4
52 128
52 130
153 49
140 132
140 138
140 49
112 76
112 58
169 147
150 47
150 82
150 4
150 130
123 172
123 49
123 75
123 82
123 32
146 164
146 171
146 175
146 50
146 19
146 79
27 122
27 151
139 16
139 183
139 131
139 124
139 178
139 49
139 4
139 126
1 76
1 122
17 65
17 161
122 65
122 75
122 128
65 82
15 102
173 76
173 115
47 76
47 65
47 82
47 107
47 79
127 104
127 65
127 53
127 173
127 49
127 82
127 4
127 115
127 9
127 187
148 132
148 50
49 36
49 186
49 164
49 1
49 137
49 107
49 130
94 132
94 178
94 84
94 153
155 124
155 131
155 126
155 6
155 135
41 53
41 82
41 130
184 28
124 16
124 105
124 183
124 33
124 62
124 126
124 19
174 12
174 132
174 80
174 177
174 107
5 175
5 107
114 65
114 14
114 175
120 79
125 65
125 81
125 49
125 6
85 124
85 131
85 139
85 50
85 144
85 145
85 153
157 82
157 4
157 6
170 65
170 53
170 49
170 111
170 4
170 161
170 110
170 177
170 6
91 37
91 166
91 134
91 9
91 108
91 19
91 138
103 156
67 156
67 127
67 49
67 52
67 143
36 75
36 106
36 107
145 131
145 32
145 77
145 153
128 65
105 173
105 106
56 6
180 127
180 132
180 112
180 4
180 50
180 22
99 132
130 173
130 75
130 82
130 79
75 106
75 107
164 82
164 110
164 6
164 130
172 82
172 160
44 77
57 76
96 171
96 74
60 186
60 157
60 4
60 161
60 56
60 6
35 146
35 118
35 38
115 107
79 173
79 82
152 107
73 132
66 12
66 59
66 53
66 157
66 49
66 75
66 4
66 122
66 165
66 77
66 6
45 79
119 109
129 53
129 128
143 104
143 127
143 142
143 161
121 47
121 50
121 19
64 4
64 77
64 41
64 187
22 75
22 122
22 82
138 76
138 124
138 131
138 186
138 132
138 82
138 112
138 116
138 171
138 1
138 50
138 130
138 19
138 153
77 9
77 186
77 53
77 4
77 6
77 128
87 131
87 138
87 153
97 156
97 146
97 35
97 177
97 118
97 130
97 38
97 30
108 186
108 187
141 131
141 124
179 65
179 4
179 19
179 79
16 183
16 126
16 19
84 113
84 132
84 178
84 68
84 144
84 145
84 153
165 65
165 122
165 165
165 187
132 76
132 167
132 12
132 124
132 113
132 53
132 136
132 48
132 80
132 172
132 49
132 82
132 106
132 112
132 123
132 78
132 128
132 107
132 9
132 41
132 159
132 130
86 65
86 124
86 131
86 144
86 145
86 153
46 76
46 47
46 122
46 128
46 82
46 130
54 82
135 131
135 183
135 126
14 65
14 175
14 117
113 124
113 42
113 178
113 49
113 122
113 77
113 153
113 44
100 132
100 82
100 52
100 143
80 128
137 107
186 106
186 107
21 65
21 59
21 80
21 75
21 161
21 176
88 131
88 165
88 50
144 65
144 49
144 4
144 130
144 153
144 79
158 53
158 111
158 118
156 7
156 28
156 43
156 173
156 60
156 157
156 181
156 146
156 39
156 57
156 188
156 14
156 133
156 101
156 171
156 24
156 5
156 31
156 175
156 63
156 35
156 115
156 23
156 58
156 162
156 56
156 176
156 54
156 38
156 26
156 30
156 163
156 184
156 25
156 10
4 76
4 65
4 186
4 75
4 128
48 76
48 82
187 4
187 115
136 76
136 65
136 36
136 186
136 172
136 75
136 82
136 106
136 78
136 128
136 107
136 9
136 130
182 106
182 128
182 107
70 126
70 120
70 124
70 131
70 135
29 65
29 128
29 151
29 27
29 182
2 132
74 127
81 8
93 16
93 183
93 75
89 166
89 138
89 47
89 37
89 19
89 1
89 134
