0 0
1 4
2 1
3 3
4 2
5 1
6 6
7 3
8 2
9 7
10 2
11 2
12 8
13 6
14 8
15 2
16 6
17 4
18 5
19 4
20 8
21 2
22 7
23 1
24 4
25 6
26 1
27 2
28 8
29 6
30 1
31 5
32 6
33 2
34 5
35 2
36 2
37 2
38 8
39 6
40 3
41 2
42 2
43 7
44 5
45 7
46 2
47 2
48 2
49 5
50 4
51 8
52 5
53 5
54 3
55 5
56 3
57 4
58 1
59 8
60 6
61 3
62 5
63 2
64 2
65 2
66 1
67 2
68 6
69 4
70 4
71 7
72 1
73 4
74 3
75 4
76 4
77 4
78 4
79 6
80 2
81 7
82 3
83 2
84 5
85 1
86 1
87 1
88 4
89 7
90 4
91 7
92 4
93 2
94 5
95 2
96 5
97 5
98 2
99 5
100 5
101 4
102 2
103 6
104 2
105 5
106 4
107 2
108 5
109 8
110 6
111 2
112 1
113 8
114 4
115 5
116 6
117 6
118 1
119 5
120 6
121 7
122 8
123 6
124 3
125 5
126 4
127 6
128 6
129 8
130 7
131 6
132 7
133 4
134 2
135 6
136 6
137 2
138 5
139 8
140 6
141 5
142 7
143 3
144 8
145 4
146 8
147 5
148 2
149 6
150 2
151 1
152 6
153 6
154 2
155 2
156 7
157 1
158 8
159 6
160 1
161 8
162 1
163 2
164 5
165 6
166 6
167 7
168 6
169 7
170 5
171 1
172 6
173 2
174 2
175 1
176 1
177 6
178 2
179 7
180 1
181 1
182 6
183 2
184 6
185 2
186 8
187 8
188 8
189 2
190 7
191 6
192 4
193 2
194 7
195 2
196 2
197 6
198 2
199 2
200 2
201 5
