94 100
94 53
94 45
94 25
94 84
117 131
194 159
194 142
104 103
104 199
104 148
104 198
104 200
104 85
104 93
104 163
104 47
104 6
91 22
91 190
91 130
91 156
91 126
91 194
87 30
87 58
87 184
87 181
87 176
87 162
87 26
87 85
87 180
87 160
87 5
87 23
92 69
2 127
2 184
2 140
2 199
2 148
2 198
190 22
121 98
121 179
121 15
121 45
116 172
116 184
116 177
116 140
116 131
116 6
61 56
61 40
160 171
160 23
105 18
105 84
105 147
105 25
161 146
187 20
101 24
101 121
101 100
101 148
101 50
101 69
101 75
66 2
66 151
66 181
66 112
66 85
82 54
82 198
120 13
120 25
120 159
120 182
120 152
137 42
137 83
137 173
57 24
57 126
57 57
57 144
57 70
174 24
174 154
174 137
174 148
174 198
174 200
174 163
174 47
174 133
147 62
147 18
99 84
200 169
200 184
200 137
200 22
200 15
200 199
200 63
200 42
200 64
200 37
143 74
133 24
133 198
79 131
79 6
163 130
163 137
163 15
163 198
163 63
163 200
163 189
163 11
163 45
163 125
163 25
163 150
163 47
163 64
163 142
192 19
192 126
192 184
192 148
192 50
8 29
8 184
8 137
8 121
8 199
8 21
8 4
8 25
8 163
8 131
166 131
166 6
170 45
173 98
19 97
19 45
136 61
23 181
23 176
153 149
153 147
153 200
153 131
153 124
153 126
111 178
111 98
111 36
111 134
111 107
111 137
111 83
111 100
111 15
111 196
111 63
111 200
111 35
111 185
111 41
111 48
111 53
111 189
111 11
111 46
111 42
111 4
111 125
111 163
111 67
111 150
111 155
111 195
111 27
111 33
111 64
111 37
177 127
177 131
177 60
177 6
144 38
81 45
81 121
81 130
81 43
180 181
159 172
159 127
159 13
159 128
159 121
159 136
159 149
159 153
159 25
159 135
159 131
159 6
159 142
159 152
30 30
176 162
138 53
138 125
24 192
24 181
24 50
24 133
115 52
115 84
115 49
115 201
141 96
141 53
141 201
183 198
140 131
140 127
135 32
37 96
37 173
109 12
109 51
109 58
109 137
109 20
109 14
109 28
109 144
109 139
109 113
109 188
109 146
109 187
109 59
109 158
109 174
109 133
109 38
109 122
109 186
109 129
169 22
65 130
65 154
65 137
65 148
65 196
65 163
65 131
126 54
126 200
126 61
3 40
86 157
86 2
86 58
86 151
86 181
86 112
86 73
168 6
168 131
72 2
72 151
72 181
72 171
72 85
72 131
6 39
172 60
172 127
172 159
172 131
172 6
25 130
25 13
25 19
25 126
25 136
25 45
25 131
25 142
25 152
88 24
88 133
196 137
196 15
196 63
196 25
196 163
196 150
196 47
62 18
76 24
76 78
76 133
90 24
90 192
90 57
90 148
90 73
90 70
165 184
165 131
165 6
130 121
103 184
103 177
103 140
103 121
103 15
103 85
103 45
103 159
103 131
103 60
103 6
103 197
42 98
189 198
189 42
198 45
198 64
75 24
75 50
75 69
118 2
118 58
118 151
118 86
118 112
63 199
63 15
63 45
1 17
1 24
1 200
1 133
1 145
131 127
131 16
131 199
131 148
131 96
131 21
131 39
131 123
167 156
167 142
182 13
182 131
182 152
50 137
50 179
50 15
50 47
50 173
114 198
114 78
119 153
119 84
119 141
119 201
191 172
191 127
191 131
175 184
175 171
175 85
102 95
102 198
102 93
89 194
89 159
89 132
68 166
68 199
68 21
68 159
68 165
106 24
106 19
106 192
106 126
106 57
106 70
95 95
95 184
95 15
95 199
41 36
41 185
39 123
58 2
58 151
58 181
58 171
58 85
58 131
148 184
148 15
148 199
148 63
148 21
148 146
148 3
148 47
148 56
199 15
199 45
27 42
27 198
27 137
27 47
27 150
27 4
27 63
27 15
27 11
27 189
27 163
27 128
197 29
197 184
197 140
197 136
197 13
197 39
197 131
197 6
197 152
67 137
67 15
67 199
67 148
67 196
67 63
67 21
67 163
67 150
67 47
67 173
56 40
40 74
80 19
80 121
80 15
80 199
80 198
80 63
80 4
80 163
80 150
80 47
80 27
7 74
150 130
150 137
150 15
150 199
150 63
150 200
150 189
150 11
150 21
150 42
150 45
150 47
150 142
70 24
70 192
70 148
70 133
15 45
96 164
154 184
154 137
154 15
154 199
154 148
154 198
154 63
154 200
154 21
154 47
154 123
154 56
71 19
71 45
71 25
71 156
29 127
29 184
29 131
29 6
97 96
110 172
110 127
110 159
110 149
110 200
110 153
110 131
134 36
77 24
77 154
77 76
77 137
77 78
77 174
77 133
77 145
201 130
10 21
124 54
124 126
124 200
124 61
84 62
84 34
84 15
84 199
84 52
84 31
84 55
84 147
84 170
84 44
84 18
84 141
84 201
9 156
193 184
193 15
193 199
193 63
193 200
193 21
193 78
193 163
193 150
193 47
193 131
108 62
108 132
108 34
108 65
108 147
108 84
108 18
145 17
145 24
145 133
