0 0
1 5
2 8
3 5
4 5
5 6
6 8
7 8
8 1
9 1
10 1
11 9
12 9
13 8
14 9
15 7
16 1
17 1
18 9
19 4
20 5
21 5
22 1
23 2
24 2
25 2
26 1
27 5
28 1
29 1
30 9
31 9
32 1
33 2
34 5
35 2
36 5
37 1
38 3
39 9
40 3
41 2
42 3
43 9
44 5
45 5
46 5
47 4
48 2
49 1
50 9
51 1
52 5
53 6
54 3
55 2
56 3
57 2
58 6
59 9
60 2
61 3
62 1
63 1
64 5
65 4
66 8
67 5
68 5
69 9
70 8
71 5
72 8
73 1
74 5
75 8
76 2
77 9
78 5
79 3
80 1
81 3
82 8
83 9
84 8
85 1
86 2
87 8
88 8
89 8
90 8
91 6
92 2
93 9
94 5
95 8
96 2
97 2
98 8
99 5
100 8
101 8
102 1
103 8
104 7
105 7
106 6
107 8
108 8
109 8
110 7
111 8
112 5
113 3
114 6
115 8
116 8
117 8
118 8
119 8
120 2
121 1
122 1
123 9
124 9
125 1
126 2
127 9
128 9
129 3
130 2
131 1
132 3
133 2
134 7
135 1
136 1
137 5
138 9
139 1
140 2
141 2
142 5
143 2
144 2
145 6
146 8
147 2
148 1
149 8
150 1
151 8
152 9
153 8
154 9
155 5
156 5
157 5
158 9
159 8
160 5
161 5
162 3
163 9
164 2
165 8
166 8
167 9
168 9
169 2
170 5
171 9
172 6
173 2
174 9
175 2
176 8
177 5
178 9
179 5
180 8
181 3
182 9
183 9
184 3
185 6
186 1
187 3
188 1
189 5
190 5
191 8
192 9
193 2
194 3
195 2
196 9
197 1
198 2
199 5
200 7
201 5
202 2
203 5
204 6
205 5
206 6
207 9
208 2
209 5
210 5
211 7
212 8
213 2
214 2
215 8
216 1
217 4
218 1
219 4
220 5
221 6
222 3
223 5
224 5
225 9
226 2
227 2
228 9
229 5
230 2
231 5
232 9
