23 97
23 144
23 130
23 96
23 195
202 97
202 133
202 130
181 133
181 144
181 56
116 151
116 72
116 166
47 219
47 217
212 6
212 146
212 7
22 37
22 26
22 16
22 28
22 62
22 148
22 139
22 150
22 218
22 9
74 1
74 177
74 34
74 130
74 220
74 226
74 45
190 229
165 146
165 181
165 151
165 6
165 144
165 130
5 72
5 58
57 57
57 144
57 130
57 95
57 227
57 193
57 226
57 23
57 141
171 123
171 226
171 128
171 18
226 169
226 133
226 130
226 56
62 28
160 4
160 201
160 68
160 221
160 34
160 21
160 72
160 203
160 6
160 36
160 137
160 142
160 146
160 5
160 45
160 46
160 95
160 213
160 98
143 130
143 95
143 213
115 166
115 68
115 146
8 62
53 221
27 71
214 140
87 6
87 210
87 146
87 5
87 7
87 95
87 153
87 98
87 220
87 176
87 166
87 84
201 94
201 130
201 226
201 142
211 200
211 134
211 67
132 184
132 42
132 187
86 175
86 130
86 25
86 227
86 208
218 28
20 45
133 130
167 123
67 67
67 142
159 151
159 130
159 95
159 6
172 221
199 142
210 4
210 201
210 68
210 221
210 34
210 21
210 72
210 203
210 6
210 36
210 137
210 146
210 5
210 45
210 46
210 95
210 213
210 98
210 144
210 227
182 154
182 138
182 57
182 168
182 12
182 30
182 123
182 133
182 130
182 225
182 183
182 195
182 14
182 196
182 50
182 227
182 163
182 147
182 124
182 11
182 139
182 127
182 24
182 171
182 31
182 77
182 174
182 93
182 207
182 39
182 198
182 23
182 152
182 43
182 141
182 69
170 36
204 5
204 221
189 4
99 179
112 223
112 1
112 155
112 45
112 6
112 123
112 179
112 126
112 146
112 74
46 72
118 221
118 7
118 6
118 146
118 166
118 72
118 215
65 219
65 19
65 142
151 98
151 172
151 144
151 130
151 6
151 146
158 228
158 123
37 218
89 151
89 146
89 210
89 7
89 6
89 166
89 95
89 144
89 139
89 160
89 98
89 159
89 165
89 182
92 130
92 226
15 4
15 200
15 134
15 211
186 62
186 148
178 18
97 97
97 130
128 226
232 228
82 166
82 7
82 6
82 146
60 173
60 175
60 86
60 130
60 162
60 213
60 33
60 230
60 41
60 76
60 193
60 140
60 214
60 48
60 208
60 164
195 144
195 130
176 98
176 7
176 6
176 146
174 168
174 123
174 225
174 127
174 192
174 69
205 224
205 1
205 177
106 5
98 169
98 130
98 95
98 72
98 153
35 97
35 133
35 130
35 120
35 202
229 94
229 177
229 142
78 229
110 200
110 134
110 211
111 146
111 84
111 72
111 166
31 31
135 210
24 23
24 130
24 198
24 195
107 137
107 146
107 211
107 95
107 6
107 123
48 130
48 193
48 230
91 5
52 94
52 177
117 98
117 130
117 166
88 70
88 7
109 166
109 146
83 182
185 204
185 221
121 122
121 136
121 197
121 29
121 155
121 49
121 102
206 5
206 221
84 221
84 7
84 6
84 146
84 166
84 72
84 215
224 229
224 34
224 220
145 206
145 5
44 177
102 98
102 37
102 122
102 65
102 26
102 16
102 20
102 74
102 224
102 1
102 137
102 216
102 28
102 125
102 62
102 17
102 10
102 136
102 205
102 186
102 148
102 197
102 34
102 63
102 203
102 135
102 188
102 73
102 22
102 29
102 157
102 21
102 72
102 209
102 220
102 51
102 155
102 150
102 49
102 201
102 210
102 160
102 218
102 45
102 153
102 85
102 221
102 9
102 32
102 8
102 131
102 80
162 169
162 97
162 35
162 181
162 95
162 56
162 96
162 184
162 129
162 40
162 61
162 222
162 147
162 120
162 194
162 226
162 42
162 54
162 38
162 143
162 132
162 187
162 128
162 202
104 200
104 15
104 211
100 151
100 146
100 191
100 166
100 6
100 98
100 221
230 133
230 130
230 95
230 227
230 193
120 169
120 97
120 133
120 130
120 96
120 195
137 229
137 177
123 226
193 133
193 130
193 126
13 4
13 98
13 6
64 94
64 229
64 27
64 67
90 98
90 95
90 166
90 7
90 6
215 72
70 7
70 72
70 5
96 133
96 144
96 130
96 193
105 13
105 200
105 134
114 5
114 58
1 220
1 45
1 224
1 36
1 34
1 229
81 162
81 132
81 187
7 146
161 177
161 229
155 7
155 4
155 210
155 157
155 6
155 146
155 74
155 220
155 45
155 224
155 20
155 209
155 205
155 46
155 133
155 213
155 98
155 227
59 123
169 55
169 126
148 62
108 6
108 146
108 165
191 166
191 7
191 146
144 130
119 166
119 146
166 75
166 151
166 159
166 7
166 149
166 6
166 146
166 2
180 96
180 95
180 4
180 98
147 133
147 144
147 130
175 130
175 98
175 208
175 227
231 229
231 27
141 97
141 229
141 133
141 130
141 95
141 96
141 120
141 141
149 2
79 113
79 162
79 184
79 40
79 132
79 187
66 98
66 151
66 95
66 215
198 144
198 130
198 133
198 227
198 23
198 96
209 20
209 137
3 229
208 130
101 98
101 4
101 130
101 176
101 157
101 155
101 201
101 7
101 160
101 6
101 146
101 165
228 18
150 218
227 133
227 130
227 96
4 98
4 5
177 94
6 98
6 133
6 130
6 72
6 153
6 146
41 144
41 130
41 195
41 76
41 198
41 23
156 177
146 216
146 94
146 133
146 45
146 153
17 28
220 36
220 142
103 98
103 95
103 166
103 7
103 146
213 130
213 227
122 136
122 29
124 144
124 193
179 1
179 179
179 7
179 45
