0 0
1 8
2 5
3 14
4 14
5 5
6 14
7 13
8 4
9 3
10 5
11 1
12 12
13 1
14 3
15 4
16 12
17 14
18 12
19 2
20 3
21 2
22 4
23 8
24 3
25 1
26 14
27 13
28 2
29 3
30 2
31 5
32 3
33 11
34 9
35 2
36 14
37 2
38 2
39 9
40 4
41 8
42 13
43 1
44 3
45 1
46 4
47 2
48 1
49 1
50 1
51 12
52 8
53 8
54 8
55 3
56 8
57 1
58 13
59 4
60 1
61 8
62 2
63 8
64 2
65 8
66 1
67 6
68 3
69 2
70 2
71 8
72 12
73 8
74 14
75 7
76 8
77 8
78 8
79 5
80 8
81 1
82 14
83 1
84 13
85 3
86 2
87 8
88 8
89 8
90 1
91 3
92 8
93 8
94 2
95 12
96 3
97 2
98 14
99 8
100 8
101 3
102 8
103 8
104 2
105 8
106 1
107 1
108 8
109 2
110 1
111 2
112 8
113 12
114 8
115 1
116 5
117 1
118 12
119 8
120 2
121 1
122 8
123 14
124 8
125 2
126 8
127 8
128 2
129 10
130 11
131 5
132 4
133 4
134 8
135 8
136 14
137 3
138 5
139 12
140 15
141 8
142 8
143 12
144 2
145 2
146 1
147 4
148 2
149 14
150 8
151 3
152 8
153 10
154 6
155 8
156 2
157 4
158 1
159 2
160 15
161 1
162 1
163 2
164 1
165 3
166 1
167 15
168 2
169 3
170 2
171 12
172 14
173 1
174 14
175 2
176 8
177 5
178 2
179 14
180 12
181 9
182 2
183 2
184 10
185 6
186 13
187 14
188 12
189 1
190 1
191 14
192 1
193 2
194 2
195 6
196 11
197 12
198 8
199 3
200 9
201 8
202 2
203 3
204 2
205 8
206 2
207 8
208 5
209 2
210 4
211 9
212 4
213 1
214 1
215 1
216 8
217 14
218 15
219 2
220 1
221 2
222 9
223 1
224 3
225 9
226 3
227 10
228 6
229 5
230 6
231 3
232 1
233 2
234 14
235 2
236 8
237 2
238 3
239 12
240 1
241 1
242 12
243 2
244 3
245 2
246 1
247 1
248 13
249 10
250 4
251 8
252 13
253 9
254 2
255 2
256 14
257 8
258 1
259 8
260 4
261 14
262 8
263 2
264 12
265 1
266 8
267 6
268 12
269 2
270 2
271 14
272 2
273 2
274 9
275 15
276 14
277 14
278 2
279 1
280 14
281 1
282 3
283 15
284 1
285 6
286 10
287 1
288 1
289 12
290 13
291 8
292 15
293 10
294 12
295 1
296 15
297 3
298 1
299 2
300 8
301 12
302 4
303 14
304 9
305 8
306 13
307 8
308 1
309 3
310 2
311 9
312 2
313 4
314 3
315 3
316 1
317 8
318 4
319 15
320 5
321 4
322 2
323 1
324 14
325 1
326 12
327 12
328 13
329 3
330 2
331 2
332 2
333 12
334 15
335 8
336 3
337 3
338 8
339 15
340 8
341 5
342 4
343 3
344 3
345 8
346 4
347 12
348 1
349 3
350 15
351 3
352 8
353 4
354 1
355 8
356 12
357 8
358 2
359 12
360 5
361 5
362 6
363 9
364 8
365 14
366 1
367 8
368 1
369 5
370 5
371 2
372 4
373 8
374 1
375 15
376 15
377 6
378 8
379 9
380 15
381 2
382 1
383 13
384 1
385 8
386 12
387 9
388 7
389 8
390 5
391 8
392 8
393 8
394 1
395 9
396 10
397 1
398 13
399 4
400 3
401 2
402 8
403 9
404 8
405 8
406 8
407 10
408 5
409 2
410 8
411 3
412 1
413 2
414 1
415 8
416 8
417 2
418 8
419 12
420 8
421 8
422 12
423 8
424 1
425 8
426 8
427 8
428 10
429 9
430 15
431 5
432 1
433 3
434 5
435 8
436 9
437 2
438 5
439 2
440 8
441 8
442 12
443 1
444 9
445 8
446 3
447 8
448 2
449 8
450 8
451 9
452 9
453 5
454 5
455 8
456 9
457 13
458 8
459 9
460 8
461 2
462 4
463 8
464 9
465 9
466 1
467 3
468 9
469 8
470 8
471 8
472 8
473 9
474 8
475 12
476 3
477 8
478 2
479 9
480 8
481 1
482 3
483 8
484 2
485 9
486 8
487 13
488 12
489 14
490 12
491 2
492 7
493 3
494 2
495 9
496 12
497 2
498 10
499 14
500 8
501 5
502 2
503 15
504 3
505 3
506 1
507 8
508 9
509 13
510 2
511 4
512 9
513 15
514 3
515 3
516 8
517 12
518 8
519 9
520 8
521 8
522 8
523 8
524 15
525 9
526 3
527 9
528 3
529 1
530 15
531 8
532 2
533 8
534 12
535 9
536 6
537 15
538 8
539 1
540 8
541 8
542 9
543 8
544 15
545 9
546 8
547 2
548 13
549 8
550 9
551 1
552 5
553 7
554 3
555 4
556 9
557 9
558 9
559 8
560 3
561 1
562 8
563 9
564 9
565 8
566 5
567 3
568 3
569 8
570 8
571 15
572 9
573 3
574 9
575 6
576 4
577 3
578 2
579 5
580 3
581 8
582 8
583 8
584 7
585 8
586 13
587 8
588 9
589 13
590 9
591 2
592 8
593 9
594 9
595 15
596 2
597 1
598 1
599 3
600 8
601 1
602 14
603 8
604 8
605 3
606 8
607 5
608 9
609 9
610 8
611 8
612 2
613 9
614 2
615 12
616 8
617 8
618 8
619 8
620 8
621 4
622 9
623 4
624 2
625 15
626 1
627 2
628 13
629 9
630 3
631 8
632 2
633 1
634 9
635 13
636 2
637 8
638 9
639 3
640 9
641 15
642 4
643 5
644 10
645 1
646 10
647 8
648 9
649 8
650 13
651 3
652 10
653 4
654 2
655 8
656 1
657 15
658 8
659 9
660 1
661 8
662 3
663 8
664 9
665 9
666 8
667 12
668 8
669 8
670 8
671 8
672 3
673 9
674 8
675 2
676 9
677 15
678 8
679 1
680 8
681 9
682 8
683 15
684 8
685 8
686 8
687 12
688 1
689 1
690 2
691 8
692 8
693 8
694 8
695 9
696 1
697 8
698 8
699 9
700 3
701 8
702 14
703 9
704 4
705 2
706 8
707 2
708 8
709 8
710 14
711 4
712 4
713 3
714 5
715 9
716 5
717 14
718 5
719 3
720 8
721 3
722 8
723 15
724 8
725 5
726 9
727 8
728 9
729 1
730 8
731 8
732 4
733 6
734 1
735 9
736 8
737 8
738 8
739 1
740 8
741 5
742 8
743 15
744 8
745 8
746 8
747 8
748 5
749 8
750 8
751 12
752 8
753 13
754 8
755 5
756 8
757 8
758 8
759 8
760 8
761 3
762 9
763 8
764 8
765 8
766 8
767 8
768 8
769 15
770 9
771 8
772 13
773 1
774 8
775 8
776 1
777 1
778 2
779 2
780 9
781 8
782 8
783 12
784 5
785 8
786 8
787 14
788 8
789 9
790 8
791 1
792 14
793 9
794 8
795 8
796 8
797 8
798 8
799 8
800 1
801 12
802 15
803 8
804 8
805 9
806 8
807 8
808 1
809 8
810 3
811 8
812 8
813 2
814 8
815 8
816 6
817 3
818 9
819 8
820 9
821 8
822 5
823 8
824 8
825 1
826 8
827 12
828 7
829 9
830 2
831 8
832 1
833 14
834 2
835 5
836 13
837 8
838 1
839 8
840 8
841 8
842 8
843 9
844 8
845 2
846 8
847 8
848 14
849 8
850 2
851 8
852 14
853 14
854 4
855 2
856 10
857 4
858 4
859 5
860 9
861 3
862 14
863 2
864 9
865 4
866 6
867 8
868 8
869 2
870 2
871 6
872 2
873 2
874 8
875 4
876 14
877 8
878 9
879 8
880 8
881 2
882 1
883 5
884 12
885 1
886 8
887 9
888 5
889 2
890 9
891 2
892 10
893 5
894 5
895 1
896 5
897 8
898 4
899 8
900 8
901 4
902 11
903 8
904 2
905 14
906 5
907 8
908 5
909 8
910 10
911 8
912 5
913 8
914 6
915 6
916 5
917 6
918 14
919 12
920 8
921 8
922 8
923 2
924 5
925 8
926 6
927 8
928 1
929 6
930 6
931 3
932 6
933 8
934 3
935 8
936 8
937 6
938 8
939 3
940 2
941 2
942 6
943 9
944 8
945 11
946 8
947 8
948 2
949 1
950 13
951 8
952 8
953 14
954 14
955 8
956 8
957 2
958 9
959 5
960 8
961 1
962 1
963 1
964 8
965 2
966 14
967 8
968 2
969 8
970 10
971 8
972 8
973 8
974 10
975 8
976 8
977 13
978 12
979 12
980 9
981 2
982 2
983 6
984 3
985 15
986 8
987 8
988 3
989 8
990 8
991 14
992 8
993 8
994 3
995 2
996 8
997 2
998 2
999 10
1000 8
1001 8
1002 6
1003 14
1004 3
1005 8
1006 2
1007 5
1008 8
1009 9
1010 12
1011 8
1012 8
1013 1
1014 8
1015 8
1016 12
1017 8
1018 8
1019 8
1020 8
1021 4
1022 12
1023 8
1024 8
1025 8
1026 8
1027 2
1028 6
1029 8
1030 9
1031 8
1032 8
1033 2
1034 8
1035 1
1036 9
1037 12
1038 14
1039 12
1040 7
1041 8
1042 13
1043 12
1044 1
1045 14
1046 5
1047 8
1048 12
1049 8
1050 8
1051 8
1052 8
1053 13
1054 8
1055 1
1056 9
1057 13
1058 3
1059 15
1060 15
1061 1
1062 1
1063 9
1064 8
1065 8
1066 8
1067 13
1068 9
1069 4
1070 12
1071 15
1072 8
1073 8
1074 8
1075 3
1076 9
1077 2
1078 8
1079 5
1080 8
1081 8
1082 3
1083 3
1084 1
1085 8
1086 15
1087 2
1088 8
1089 4
1090 12
1091 3
1092 2
1093 8
1094 2
1095 1
1096 13
1097 8
1098 15
1099 14
1100 12
1101 5
1102 1
1103 5
1104 15
1105 9
1106 8
1107 14
1108 1
1109 8
1110 4
1111 8
1112 3
1113 1
1114 1
1115 6
1116 8
1117 14
1118 8
1119 9
1120 3
1121 2
1122 1
1123 2
1124 4
1125 2
1126 14
1127 10
1128 9
1129 2
1130 3
1131 3
1132 1
1133 2
1134 1
1135 14
1136 6
1137 4
1138 4
1139 2
1140 2
1141 2
1142 2
1143 1
1144 1
1145 3
1146 2
1147 5
1148 1
1149 10
1150 8
1151 15
1152 8
1153 6
1154 14
1155 3
1156 8
1157 5
1158 8
1159 15
1160 8
1161 15
1162 8
1163 5
1164 1
1165 4
1166 8
1167 13
1168 10
1169 2
1170 2
1171 8
1172 3
1173 3
1174 15
1175 3
1176 8
1177 8
1178 10
1179 13
1180 5
1181 6
1182 1
1183 14
1184 5
1185 12
1186 8
1187 1
1188 8
1189 8
1190 13
1191 1
1192 8
1193 1
1194 10
1195 8
1196 8
1197 14
1198 8
1199 8
1200 8
1201 9
1202 1
1203 5
1204 12
1205 1
1206 2
1207 14
1208 3
1209 15
1210 1
1211 3
1212 2
1213 14
1214 8
1215 8
1216 5
1217 2
1218 2
1219 2
1220 8
1221 14
1222 8
1223 1
1224 8
1225 5
1226 14
1227 8
1228 4
1229 2
1230 2
1231 2
1232 3
1233 14
1234 8
1235 1
1236 8
1237 1
1238 3
1239 6
1240 2
1241 1
1242 14
1243 1
1244 2
1245 2
1246 2
1247 14
1248 15
1249 2
1250 2
1251 2
1252 2
1253 2
1254 10
1255 15
1256 1
1257 3
1258 2
1259 8
1260 3
1261 2
1262 4
1263 1
1264 14
1265 1
1266 1
1267 9
1268 4
1269 2
1270 12
1271 1
1272 4
1273 1
1274 4
1275 8
1276 1
1277 14
1278 4
1279 4
1280 9
1281 3
1282 4
1283 14
1284 1
1285 13
1286 14
1287 8
1288 3
1289 2
1290 8
1291 8
1292 14
1293 8
1294 1
1295 14
1296 4
1297 12
1298 15
1299 1
1300 10
1301 3
1302 2
1303 14
1304 15
1305 15
1306 5
1307 13
1308 8
1309 12
1310 5
1311 8
1312 13
1313 2
1314 5
1315 1
1316 2
1317 15
1318 14
1319 8
1320 1
1321 2
1322 4
1323 8
1324 1
1325 8
1326 2
1327 12
1328 9
1329 8
1330 15
1331 12
1332 15
1333 5
1334 2
1335 8
1336 5
1337 15
1338 3
1339 4
1340 2
1341 8
1342 5
1343 2
1344 2
1345 4
1346 2
1347 2
1348 1
1349 8
1350 2
1351 2
1352 8
1353 2
1354 2
1355 4
1356 9
1357 8
1358 3
1359 14
1360 9
1361 13
1362 1
1363 2
1364 2
1365 8
1366 15
1367 12
1368 1
1369 2
1370 2
1371 2
1372 2
1373 8
1374 8
1375 2
1376 9
1377 3
1378 2
1379 8
1380 2
1381 2
1382 2
1383 14
1384 14
1385 8
1386 15
1387 15
1388 8
1389 2
1390 8
1391 8
1392 2
1393 2
1394 2
1395 3
1396 2
1397 15
1398 2
1399 1
1400 1
1401 15
1402 12
1403 15
1404 2
1405 6
1406 12
1407 2
1408 3
1409 2
1410 3
1411 1
1412 15
1413 1
1414 1
1415 12
1416 15
1417 8
1418 15
1419 15
1420 2
1421 1
1422 15
1423 8
1424 1
1425 3
1426 1
1427 8
1428 12
1429 3
1430 9
1431 8
1432 15
1433 3
1434 6
1435 8
1436 2
1437 1
1438 3
1439 1
1440 4
1441 10
1442 1
1443 14
1444 8
1445 2
1446 8
1447 2
1448 12
1449 12
1450 5
1451 1
1452 1
1453 2
1454 2
1455 1
1456 1
1457 8
1458 11
1459 2
1460 1
1461 12
1462 4
1463 12
1464 1
1465 9
1466 1
1467 1
1468 12
1469 12
1470 14
1471 4
1472 13
1473 2
1474 3
1475 12
1476 1
1477 8
1478 15
1479 2
1480 2
1481 3
1482 1
1483 15
1484 8
1485 15
1486 15
1487 3
1488 1
1489 13
1490 15
1491 10
1492 8
1493 8
1494 8
1495 8
1496 14
1497 8
1498 12
1499 2
1500 12
1501 2
1502 1
1503 15
1504 15
1505 2
1506 1
1507 15
1508 2
1509 3
1510 3
1511 15
1512 8
1513 8
1514 8
1515 4
1516 12
1517 1
1518 12
1519 8
1520 8
1521 5
1522 1
1523 3
1524 3
1525 4
1526 12
1527 8
1528 3
1529 1
1530 14
1531 1
1532 3
1533 1
1534 1
1535 3
1536 2
1537 1
1538 1
1539 15
1540 2
1541 12
1542 4
1543 15
1544 1
1545 1
1546 8
1547 1
1548 3
1549 4
1550 8
1551 12
1552 12
1553 1
1554 5
1555 2
1556 8
1557 15
1558 1
1559 14
1560 3
1561 15
1562 5
1563 8
1564 8
1565 3
1566 2
1567 12
1568 2
1569 15
1570 15
1571 3
1572 1
1573 9
1574 3
1575 3
1576 15
1577 15
1578 2
1579 1
1580 14
1581 5
1582 9
1583 8
1584 10
1585 1
1586 5
1587 2
1588 3
1589 2
1590 2
1591 12
1592 4
1593 15
1594 15
1595 14
1596 2
1597 3
1598 2
1599 8
1600 1
1601 2
1602 1
1603 3
1604 8
1605 8
1606 4
1607 1
1608 4
1609 1
1610 2
1611 15
1612 12
1613 8
1614 2
1615 12
1616 1
1617 1
1618 1
1619 2
1620 1
1621 12
1622 8
1623 1
1624 6
1625 8
1626 1
1627 1
1628 15
1629 13
1630 14
1631 3
1632 1
1633 2
1634 14
1635 14
1636 8
1637 13
1638 3
1639 3
1640 8
1641 3
1642 3
1643 3
1644 8
1645 8
1646 15
1647 15
1648 15
1649 2
1650 1
1651 2
1652 1
1653 8
1654 8
1655 12
1656 1
1657 15
1658 1
1659 5
1660 2
1661 15
1662 1
1663 14
1664 2
1665 1
1666 2
1667 2
1668 15
1669 1
1670 8
1671 8
1672 3
1673 3
1674 8
1675 1
1676 8
1677 8
1678 1
1679 2
1680 9
1681 1
1682 2
1683 2
1684 2
1685 1
1686 4
1687 2
1688 1
1689 8
1690 2
1691 12
1692 1
1693 1
1694 15
1695 14
1696 1
1697 15
1698 5
1699 3
1700 8
1701 2
1702 12
1703 12
1704 14
1705 9
1706 14
1707 8
1708 14
1709 15
1710 1
1711 8
1712 3
1713 8
1714 3
1715 1
1716 11
1717 5
1718 2
1719 6
1720 3
1721 1
1722 6
1723 10
1724 3
1725 9
1726 1
1727 14
1728 11
1729 4
1730 9
1731 13
1732 8
1733 1
1734 8
1735 13
1736 13
1737 8
1738 8
1739 1
1740 1
1741 15
1742 15
1743 1
1744 13
1745 9
1746 13
1747 1
1748 4
1749 15
1750 1
1751 4
1752 1
1753 12
1754 3
1755 3
1756 1
1757 1
1758 4
1759 14
1760 4
1761 1
1762 12
1763 1
1764 14
1765 13
1766 15
1767 13
1768 2
1769 12
1770 14
1771 14
1772 8
1773 3
1774 1
1775 13
1776 8
1777 4
1778 3
1779 2
1780 4
1781 14
1782 1
1783 13
1784 8
1785 3
1786 12
1787 2
1788 8
1789 2
1790 8
1791 4
1792 8
1793 2
1794 3
1795 1
1796 15
1797 9
1798 2
1799 2
1800 1
1801 15
1802 2
1803 2
1804 2
1805 4
1806 2
1807 2
1808 4
1809 1
1810 1
1811 2
1812 4
1813 3
1814 2
1815 13
1816 15
1817 5
1818 8
1819 15
1820 5
1821 8
1822 15
1823 8
1824 3
1825 4
1826 12
1827 13
1828 2
1829 1
1830 15
1831 8
1832 12
1833 1
1834 2
1835 15
1836 3
1837 14
1838 3
1839 3
1840 9
1841 15
1842 15
1843 12
1844 15
1845 2
1846 10
1847 15
1848 2
1849 15
1850 15
1851 3
1852 2
1853 2
1854 1
1855 14
1856 15
1857 1
1858 2
1859 14
1860 6
1861 3
1862 14
1863 2
1864 2
1865 2
1866 15
1867 3
1868 15
1869 1
1870 4
1871 2
1872 1
1873 1
1874 12
1875 8
1876 8
1877 1
1878 1
1879 6
1880 8
1881 1
1882 2
1883 12
1884 9
1885 3
1886 2
1887 2
1888 8
1889 2
1890 1
1891 8
1892 1
1893 8
1894 1
1895 1
1896 14
1897 8
1898 15
1899 8
1900 9
1901 3
1902 3
1903 2
1904 12
1905 8
1906 8
1907 4
1908 15
1909 14
1910 1
1911 10
1912 6
1913 3
1914 8
1915 8
1916 4
1917 3
1918 1
1919 3
1920 15
1921 4
1922 2
1923 1
1924 12
1925 3
1926 14
1927 3
1928 3
1929 14
1930 15
1931 15
1932 2
1933 1
1934 15
1935 3
1936 1
1937 2
1938 2
1939 1
1940 1
1941 8
1942 4
1943 15
1944 5
1945 10
1946 2
1947 1
1948 1
1949 2
1950 15
1951 4
1952 8
1953 15
1954 1
1955 8
1956 13
1957 2
1958 2
1959 1
1960 12
1961 2
1962 1
1963 2
1964 2
1965 8
1966 15
1967 13
1968 1
1969 2
1970 1
1971 1
1972 12
1973 2
1974 1
1975 8
1976 15
1977 1
1978 3
1979 8
1980 2
1981 12
1982 2
1983 10
1984 8
1985 8
1986 8
1987 2
1988 8
1989 7
1990 8
1991 5
1992 8
1993 8
1994 11
1995 8
1996 6
1997 12
1998 8
1999 13
2000 2
2001 1
2002 2
2003 2
2004 8
2005 1
2006 1
2007 2
2008 2
2009 2
2010 12
2011 2
2012 8
2013 15
2014 2
2015 1
2016 2
2017 3
2018 8
2019 1
2020 15
2021 2
2022 5
2023 8
2024 1
2025 8
2026 3
2027 1
2028 1
2029 8
2030 8
2031 2
2032 8
2033 8
2034 1
2035 12
2036 2
2037 8
2038 12
2039 8
2040 3
2041 3
2042 3
2043 8
2044 2
2045 2
2046 4
2047 2
2048 2
2049 2
2050 15
2051 15
2052 1
2053 1
2054 2
2055 1
2056 1
2057 14
2058 15
2059 2
2060 1
2061 1
2062 15
2063 2
2064 5
2065 2
2066 14
2067 2
2068 5
2069 1
2070 2
2071 14
2072 4
2073 2
2074 2
2075 15
2076 1
2077 2
2078 2
2079 14
2080 1
2081 15
2082 1
2083 15
2084 2
2085 2
2086 1
2087 5
2088 2
2089 3
2090 8
2091 8
2092 2
2093 1
2094 14
2095 14
2096 15
2097 14
2098 8
2099 12
2100 8
2101 2
2102 14
2103 2
2104 4
2105 2
2106 2
2107 14
2108 2
2109 8
2110 14
2111 12
2112 14
2113 12
2114 2
2115 1
2116 1
2117 1
2118 14
2119 10
2120 3
2121 2
2122 3
2123 15
2124 4
2125 1
2126 1
2127 1
2128 8
2129 14
2130 2
2131 1
2132 2
2133 12
2134 15
2135 8
2136 3
2137 8
2138 8
2139 15
2140 15
2141 1
2142 1
2143 15
2144 8
2145 1
2146 13
2147 1
2148 1
2149 1
2150 1
2151 3
2152 1
2153 5
2154 4
2155 1
2156 8
2157 3
2158 8
2159 15
2160 8
2161 15
2162 9
2163 14
2164 15
2165 3
2166 3
2167 15
2168 15
2169 4
2170 4
2171 3
2172 8
2173 1
2174 12
2175 8
2176 14
2177 9
2178 8
2179 4
2180 2
2181 12
2182 15
2183 1
2184 2
2185 1
2186 15
2187 8
2188 1
2189 2
2190 2
2191 15
2192 12
2193 13
2194 3
2195 14
2196 4
2197 3
2198 2
2199 8
2200 3
2201 15
2202 12
2203 15
2204 3
2205 5
2206 4
2207 2
2208 15
2209 8
2210 14
2211 2
2212 4
2213 14
2214 15
2215 3
2216 3
2217 2
2218 1
2219 14
2220 1
2221 1
2222 1
2223 14
2224 13
2225 1
2226 8
2227 11
2228 4
2229 9
2230 5
2231 8
2232 1
2233 15
2234 9
2235 15
2236 3
2237 15
2238 2
2239 2
2240 1
2241 10
2242 13
2243 2
2244 8
2245 1
2246 3
2247 1
2248 8
2249 8
2250 1
2251 13
2252 8
2253 14
2254 14
2255 1
2256 1
2257 5
2258 8
2259 13
2260 3
2261 12
2262 2
2263 2
2264 1
2265 2
2266 8
2267 2
2268 14
2269 8
2270 10
2271 3
2272 4
2273 5
2274 9
2275 1
2276 2
2277 4
2278 8
2279 8
2280 14
2281 8
2282 13
2283 2
2284 1
2285 1
2286 8
2287 14
2288 14
2289 15
2290 2
2291 15
2292 14
2293 14
2294 12
2295 14
2296 5
2297 8
2298 2
2299 15
2300 4
2301 14
2302 15
2303 3
2304 1
2305 1
2306 3
2307 2
2308 14
2309 3
2310 8
2311 7
2312 8
2313 12
2314 9
2315 6
2316 8
2317 13
2318 8
2319 4
2320 12
2321 14
2322 1
2323 6
2324 1
2325 14
2326 9
2327 8
2328 2
2329 14
2330 4
2331 3
2332 12
2333 15
2334 9
2335 3
2336 8
2337 14
2338 2
2339 2
2340 14
2341 13
2342 9
2343 1
2344 14
2345 13
2346 9
2347 12
2348 1
2349 4
2350 14
2351 8
2352 15
2353 4
2354 8
2355 1
2356 2
2357 13
2358 14
2359 2
2360 13
2361 15
2362 8
2363 8
2364 12
2365 5
2366 13
2367 6
2368 8
2369 3
2370 14
2371 2
2372 14
2373 8
2374 4
2375 8
2376 5
2377 1
2378 12
2379 15
2380 3
2381 12
2382 6
2383 1
2384 4
2385 5
2386 9
2387 3
2388 4
2389 8
2390 2
2391 2
2392 14
2393 1
2394 3
2395 14
2396 6
2397 6
2398 8
2399 15
2400 6
2401 8
2402 9
2403 9
2404 15
2405 2
2406 15
2407 1
2408 1
2409 6
2410 8
2411 2
2412 2
2413 15
2414 9
2415 1
2416 8
2417 4
2418 12
2419 15
2420 4
2421 1
2422 15
2423 2
2424 1
2425 2
2426 8
2427 8
2428 12
2429 2
2430 3
2431 3
2432 3
2433 3
2434 5
2435 8
2436 4
2437 1
2438 12
2439 3
2440 2
2441 9
2442 1
2443 2
2444 1
2445 8
2446 12
2447 2
2448 12
2449 8
2450 1
2451 1
2452 5
2453 8
2454 5
2455 2
2456 12
2457 2
2458 13
2459 8
2460 14
2461 8
2462 8
2463 14
2464 2
2465 2
2466 1
2467 8
2468 1
2469 5
2470 8
2471 2
2472 2
2473 3
2474 2
2475 1
2476 8
2477 2
2478 2
2479 8
2480 8
2481 4
2482 8
2483 4
2484 6
2485 8
2486 10
2487 9
2488 1
2489 3
2490 2
2491 2
2492 8
2493 14
2494 1
2495 1
2496 8
2497 12
2498 12
2499 4
2500 9
2501 2
2502 8
2503 8
2504 2
2505 6
2506 8
2507 1
2508 13
2509 3
2510 8
2511 8
2512 8
2513 9
2514 1
2515 6
2516 9
2517 2
2518 1
2519 4
2520 4
2521 2
2522 4
2523 1
2524 4
2525 2
2526 3
2527 8
2528 15
2529 1
2530 13
2531 15
2532 13
2533 9
2534 1
2535 5
2536 3
2537 2
2538 4
2539 13
2540 2
2541 1
2542 10
2543 14
2544 14
2545 12
2546 2
2547 8
2548 15
2549 11
2550 1
2551 1
2552 1
2553 8
2554 15
2555 8
2556 4
2557 12
2558 3
2559 2
2560 8
2561 4
2562 1
2563 2
2564 8
2565 3
2566 1
2567 2
2568 15
2569 10
2570 6
2571 2
2572 3
2573 1
2574 8
2575 8
2576 8
2577 2
2578 1
2579 9
2580 8
2581 13
2582 8
2583 1
2584 2
2585 8
2586 14
2587 1
2588 1
2589 3
2590 13
2591 8
2592 1
2593 2
2594 14
2595 1
2596 4
2597 13
2598 9
2599 13
2600 1
2601 3
2602 8
2603 15
2604 13
2605 8
2606 3
2607 2
2608 3
2609 3
2610 14
2611 3
2612 6
2613 12
2614 4
2615 4
2616 14
2617 14
2618 15
2619 8
2620 3
2621 1
2622 1
2623 2
2624 2
2625 1
2626 2
2627 15
2628 2
2629 1
2630 12
2631 3
2632 14
2633 6
2634 5
2635 8
2636 14
2637 15
2638 8
2639 10
2640 1
2641 5
2642 12
2643 8
2644 8
2645 12
2646 6
2647 15
2648 5
2649 1
2650 5
2651 10
2652 2
2653 9
2654 8
2655 1
2656 1
2657 5
2658 12
2659 2
2660 5
2661 4
2662 3
2663 14
2664 3
2665 4
2666 3
2667 1
2668 2
2669 12
2670 2
2671 2
2672 2
2673 5
2674 1
2675 9
2676 2
2677 15
2678 13
2679 12
2680 2
2681 2
2682 3
2683 2
2684 2
2685 8
2686 2
2687 10
2688 1
2689 1
2690 2
2691 1
2692 14
2693 3
2694 12
2695 2
2696 8
2697 3
2698 8
2699 13
2700 14
2701 8
2702 4
2703 1
2704 12
2705 12
2706 2
2707 2
2708 10
2709 12
2710 2
2711 2
2712 2
2713 2
2714 2
2715 13
2716 5
2717 2
2718 1
2719 2
2720 12
2721 3
2722 2
2723 1
2724 1
2725 1
2726 1
2727 4
2728 2
2729 10
2730 1
2731 8
2732 3
2733 2
2734 8
2735 2
2736 1
2737 12
2738 3
2739 2
2740 8
2741 1
2742 15
2743 2
2744 15
2745 1
2746 2
2747 2
2748 15
2749 15
2750 2
2751 12
2752 14
2753 4
2754 14
2755 3
2756 13
2757 8
2758 13
2759 2
2760 5
2761 1
2762 15
2763 14
2764 8
2765 2
2766 1
2767 12
2768 8
2769 8
2770 8
2771 14
2772 12
2773 3
2774 1
2775 10
2776 3
2777 1
2778 10
2779 14
2780 2
2781 13
2782 3
2783 8
2784 8
2785 12
2786 2
2787 4
2788 1
2789 1
2790 2
2791 14
2792 13
2793 5
2794 4
2795 6
2796 10
2797 2
2798 12
2799 2
2800 2
2801 14
2802 15
2803 8
2804 8
2805 8
2806 1
2807 12
2808 15
2809 2
2810 8
2811 2
2812 10
2813 1
2814 14
2815 14
2816 3
2817 14
2818 3
2819 3
2820 4
2821 5
2822 2
2823 5
2824 3
2825 5
2826 2
2827 12
2828 5
2829 2
2830 3
2831 3
2832 2
2833 2
2834 15
2835 14
2836 2
2837 4
2838 4
2839 1
2840 2
2841 2
2842 1
2843 4
2844 5
2845 1
2846 1
2847 5
2848 11
2849 14
2850 8
2851 1
2852 3
2853 6
2854 12
2855 2
2856 12
2857 3
2858 3
2859 4
2860 1
2861 3
2862 4
2863 8
2864 14
2865 3
2866 2
2867 15
2868 4
2869 1
2870 14
2871 1
2872 2
2873 2
2874 3
2875 3
2876 1
2877 1
2878 3
2879 3
2880 1
2881 8
2882 1
2883 2
2884 8
2885 8
2886 2
2887 2
2888 2
2889 3
2890 2
2891 3
2892 2
2893 8
2894 2
2895 1
2896 14
2897 2
2898 8
2899 8
2900 8
2901 1
2902 4
2903 6
2904 2
2905 2
2906 12
2907 1
2908 8
2909 15
2910 14
2911 8
2912 15
2913 12
2914 12
2915 15
2916 15
2917 2
2918 3
2919 12
2920 1
2921 2
2922 13
2923 2
2924 9
2925 8
2926 14
2927 15
2928 8
2929 8
2930 10
2931 4
2932 8
2933 14
2934 2
2935 8
2936 14
2937 8
2938 3
2939 8
2940 2
2941 2
2942 3
2943 1
2944 3
2945 4
2946 1
2947 15
2948 12
2949 1
2950 9
2951 12
2952 5
2953 9
2954 1
2955 2
2956 8
2957 1
2958 8
2959 12
2960 4
2961 8
2962 14
2963 4
2964 14
2965 8
2966 8
2967 9
2968 1
2969 3
2970 14
2971 3
2972 15
2973 15
2974 2
2975 1
2976 4
2977 2
2978 5
2979 1
2980 15
2981 10
2982 9
2983 3
2984 2
2985 1
2986 2
2987 9
2988 10
2989 9
2990 3
2991 2
2992 8
2993 2
2994 13
2995 9
2996 3
2997 4
2998 2
2999 14
3000 1
3001 8
3002 3
3003 2
3004 8
3005 1
3006 1
3007 8
3008 5
3009 8
3010 15
3011 8
3012 1
3013 8
3014 12
3015 8
3016 14
3017 4
3018 13
3019 9
3020 12
3021 13
3022 12
3023 5
3024 8
3025 11
3026 2
3027 14
3028 2
3029 8
3030 10
3031 2
3032 3
3033 2
3034 1
3035 8
3036 15
3037 14
3038 4
3039 1
3040 4
3041 9
3042 3
3043 9
3044 14
3045 1
3046 1
3047 2
3048 3
3049 7
3050 15
3051 15
3052 8
3053 1
3054 8
3055 15
3056 8
3057 4
3058 2
3059 1
3060 2
3061 3
3062 13
3063 15
3064 4
3065 5
3066 6
3067 15
3068 8
3069 2
3070 8
3071 2
3072 2
3073 2
3074 1
3075 14
3076 14
3077 8
3078 4
3079 12
3080 14
3081 3
3082 2
3083 2
3084 9
3085 14
3086 8
3087 8
3088 8
3089 3
3090 15
3091 12
3092 8
3093 6
3094 9
3095 14
3096 14
3097 15
3098 15
3099 1
3100 3
3101 15
3102 10
3103 2
3104 8
3105 2
3106 2
3107 2
3108 1
3109 2
3110 1
3111 15
3112 2
3113 12
3114 12
3115 2
3116 2
3117 2
3118 1
3119 2
3120 2
3121 3
3122 3
3123 8
3124 14
3125 2
3126 1
3127 1
3128 15
3129 12
3130 2
3131 3
3132 4
3133 2
3134 1
3135 1
3136 1
3137 8
3138 8
3139 4
3140 1
3141 5
3142 1
3143 2
3144 13
3145 5
3146 8
3147 1
3148 3
3149 1
3150 1
3151 12
3152 8
3153 3
3154 3
3155 4
3156 8
3157 1
3158 3
3159 6
3160 1
3161 12
3162 8
3163 8
3164 8
3165 14
3166 2
3167 1
3168 8
3169 14
3170 8
3171 4
3172 14
3173 14
3174 3
3175 10
3176 1
3177 12
3178 1
3179 8
3180 3
3181 13
3182 8
3183 2
3184 8
3185 8
3186 3
3187 14
3188 8
3189 3
3190 2
3191 6
3192 1
3193 8
3194 4
3195 1
3196 8
3197 1
3198 8
3199 1
3200 2
3201 1
3202 1
3203 13
3204 14
3205 3
3206 5
3207 10
3208 1
3209 2
3210 1
3211 12
3212 2
3213 8
3214 1
3215 14
3216 4
3217 4
3218 3
3219 9
3220 1
3221 4
3222 8
3223 8
3224 5
3225 14
3226 15
3227 14
3228 8
3229 8
3230 2
3231 10
3232 3
3233 2
3234 14
3235 12
3236 4
3237 2
3238 6
3239 4
3240 1
3241 6
3242 1
3243 14
3244 15
3245 8
3246 14
3247 10
3248 8
3249 8
3250 1
3251 1
3252 4
3253 3
3254 8
3255 1
3256 1
3257 1
3258 2
3259 1
3260 2
3261 4
3262 8
3263 12
3264 12
3265 1
3266 4
3267 15
3268 2
3269 14
3270 1
3271 2
3272 4
3273 14
3274 9
3275 8
3276 1
3277 12
3278 12
3279 15
3280 14
3281 1
3282 3
3283 5
3284 8
3285 1
3286 5
3287 15
3288 1
3289 1
3290 1
3291 1
3292 2
3293 14
3294 4
3295 8
3296 2
3297 14
3298 15
3299 2
3300 1
3301 14
3302 2
3303 9
3304 15
3305 15
3306 1
3307 8
3308 10
3309 15
3310 15
3311 15
3312 1
3313 2
3314 8
3315 15
3316 10
3317 4
3318 1
3319 3
3320 1
3321 4
3322 8
3323 14
3324 4
3325 4
3326 3
3327 3
3328 8
3329 13
3330 2
3331 4
3332 5
3333 2
3334 12
3335 12
3336 3
3337 1
3338 13
3339 10
3340 14
3341 12
3342 15
3343 2
3344 3
3345 8
3346 8
3347 2
3348 10
3349 2
3350 8
3351 2
3352 1
3353 4
3354 9
3355 1
3356 8
3357 8
3358 5
3359 8
3360 1
3361 4
3362 14
3363 13
3364 2
3365 4
3366 2
3367 15
3368 10
3369 3
3370 3
3371 1
3372 8
3373 1
3374 6
3375 2
3376 8
3377 14
3378 8
3379 1
3380 14
3381 2
3382 9
3383 12
3384 1
3385 1
3386 9
3387 13
3388 5
3389 3
3390 1
3391 8
3392 13
3393 3
3394 2
3395 15
3396 8
3397 1
3398 8
3399 12
3400 4
3401 1
3402 2
3403 1
3404 12
3405 2
3406 12
3407 15
3408 12
3409 15
3410 1
3411 1
3412 14
3413 2
3414 2
3415 14
3416 12
3417 2
3418 2
3419 8
3420 2
3421 1
3422 12
3423 8
3424 2
3425 10
3426 1
3427 1
3428 4
3429 2
3430 9
3431 1
3432 8
3433 2
3434 13
3435 8
3436 8
3437 3
3438 12
3439 1
3440 12
3441 8
3442 2
3443 1
3444 13
3445 10
3446 8
3447 14
3448 4
3449 4
3450 3
3451 14
3452 12
3453 12
3454 14
3455 2
3456 2
3457 2
3458 3
3459 1
3460 2
3461 2
3462 1
3463 2
3464 2
3465 2
3466 8
3467 15
3468 1
3469 8
3470 14
3471 2
3472 15
3473 1
3474 3
3475 2
3476 15
3477 15
3478 2
3479 1
3480 14
3481 2
3482 8
3483 5
3484 8
3485 1
3486 1
3487 11
3488 13
3489 3
3490 3
3491 8
3492 9
3493 6
3494 8
3495 8
3496 3
3497 12
3498 9
3499 2
3500 10
3501 3
3502 8
3503 1
3504 1
3505 4
3506 4
3507 10
3508 8
3509 1
3510 14
3511 4
3512 1
3513 15
3514 13
3515 2
3516 10
3517 10
3518 3
3519 14
3520 14
3521 4
3522 13
3523 4
3524 12
3525 14
3526 8
3527 3
3528 6
3529 1
3530 1
