0 0
1 2
2 6
3 1
4 3
5 5
6 1
7 1
8 4
9 3
10 2
11 1
12 2
13 1
14 1
15 6
16 8
17 7
18 5
19 1
20 3
21 3
22 3
23 1
24 1
25 1
26 5
27 3
28 8
29 3
30 4
31 2
32 3
33 2
34 3
35 2
36 3
37 6
38 1
39 3
40 6
41 2
42 1
43 8
44 1
45 2
46 3
47 2
48 5
49 4
50 2
51 2
52 1
53 5
54 2
55 1
56 8
57 2
58 2
59 3
60 6
61 2
62 3
63 1
64 3
65 8
66 2
67 1
68 5
69 1
70 1
71 2
72 3
73 2
74 2
75 5
76 1
77 2
78 1
79 2
80 3
81 2
82 2
83 3
84 4
85 5
86 7
87 1
88 6
89 7
90 1
91 4
92 7
93 2
94 6
95 1
96 2
97 2
98 5
99 2
100 7
101 3
102 6
103 2
104 4
105 1
106 1
107 1
108 2
109 2
110 3
111 2
112 2
113 3
114 3
115 3
116 4
117 3
118 3
119 5
120 3
121 5
122 2
123 3
124 2
125 5
126 4
127 2
128 7
129 4
130 1
131 1
132 5
133 7
134 3
135 3
136 1
137 6
138 2
139 2
140 6
141 2
142 1
143 2
144 5
145 4
146 2
147 3
148 5
149 5
150 2
151 1
152 5
153 2
154 5
155 2
156 5
157 2
158 6
159 5
160 8
161 5
162 3
163 1
164 3
165 3
166 3
167 5
168 2
169 5
170 8
171 2
172 5
173 8
174 6
175 5
176 4
177 6
178 6
179 2
180 8
181 5
182 8
183 1
184 3
185 2
186 8
187 3
188 5
189 2
190 8
191 5
192 5
193 2
194 8
195 5
196 5
197 5
198 2
199 2
200 5
201 2
202 1
203 2
204 1
205 6
206 5
207 2
208 2
209 2
210 6
211 5
212 3
213 1
214 2
215 2
216 6
217 6
218 1
219 1
220 6
221 6
222 5
223 1
224 5
225 3
226 6
227 2
228 3
229 5
230 8
231 2
232 4
233 1
234 2
235 3
236 4
237 1
238 5
239 5
240 2
241 5
242 1
243 5
244 3
245 1
246 3
247 1
248 5
249 2
250 1
251 2
252 4
253 2
254 5
255 5
256 3
257 5
258 5
259 3
260 1
261 6
262 2
263 8
264 1
265 2
266 2
267 2
268 5
269 2
270 1
271 2
272 3
273 1
274 3
275 2
276 2
277 3
278 1
279 3
280 3
281 5
282 3
283 2
284 3
285 5
286 2
287 2
288 2
289 7
290 2
291 1
292 2
293 5
294 4
295 6
296 1
297 5
298 1
299 3
300 3
301 1
302 1
303 3
304 2
305 5
306 8
307 5
308 3
309 1
310 8
311 3
312 5
313 2
314 3
315 2
316 2
317 5
318 5
319 3
320 6
321 2
322 1
323 2
324 2
325 2
326 2
327 3
328 5
329 5
330 8
331 2
332 5
333 5
334 5
335 2
336 3
337 6
338 2
339 2
340 1
341 2
342 3
343 1
344 2
345 3
346 5
347 2
348 1
349 1
350 8
351 2
352 1
353 7
354 2
355 6
356 5
357 7
358 6
359 2
360 4
361 1
362 5
363 3
364 6
365 8
366 3
367 5
368 3
369 1
370 5
371 4
372 1
373 3
374 5
375 3
376 1
377 1
378 2
379 8
380 1
381 2
382 2
383 5
384 3
385 3
386 1
387 2
388 2
389 3
390 7
391 2
392 7
393 3
394 5
395 2
396 1
397 2
398 3
399 5
400 6
401 5
402 3
403 1
404 6
405 5
406 3
407 1
408 2
409 3
410 5
411 5
412 3
413 1
414 1
415 5
416 3
417 1
418 4
419 5
420 3
421 8
422 2
423 2
424 5
425 2
426 2
427 6
428 2
429 1
430 5
431 1
432 3
433 2
434 3
435 2
436 1
437 2
438 8
439 1
440 2
441 3
442 3
443 5
444 2
445 6
446 4
447 8
448 1
449 2
450 2
451 1
452 2
453 8
454 3
455 5
456 8
457 1
458 3
459 8
460 3
461 1
462 4
463 6
464 7
465 6
466 5
467 5
468 1
469 5
470 3
471 2
472 2
473 3
474 2
475 2
476 3
477 6
478 1
479 3
480 3
481 2
482 1
483 6
484 2
485 3
486 2
487 5
488 2
489 1
490 6
491 8
492 2
493 5
494 1
495 5
496 6
497 5
498 5
499 5
500 5
501 1
502 3
503 5
504 1
505 4
506 2
507 6
508 5
509 2
510 1
511 4
512 5
513 1
514 8
515 1
516 3
517 2
518 5
519 7
520 4
521 3
522 3
523 5
524 2
525 2
526 2
527 2
528 7
529 2
530 8
531 1
532 1
533 5
534 1
535 6
536 5
537 6
538 2
539 3
540 7
541 6
542 5
543 1
544 2
545 1
546 8
547 1
548 2
549 8
550 6
551 8
552 2
553 3
554 3
555 3
556 3
557 5
558 5
