224 359
224 362
224 443
484 71
484 54
484 102
484 52
484 79
484 109
484 61
484 58
484 108
484 527
484 3
484 407
484 378
484 536
484 69
526 71
526 54
526 52
526 386
526 79
526 359
526 58
526 430
526 247
526 111
526 356
526 527
526 4
526 344
526 13
526 53
526 51
526 25
526 175
526 414
526 69
386 386
386 131
386 13
222 410
222 48
222 346
222 58
222 399
222 363
222 527
222 415
222 344
222 139
222 3
222 53
222 378
222 478
222 367
222 394
222 558
222 536
222 414
457 410
457 436
457 386
457 52
457 58
457 510
457 13
457 343
457 440
457 354
457 216
457 340
457 142
457 414
457 531
488 71
488 79
488 359
488 58
488 247
488 527
488 51
488 127
488 526
450 79
450 359
450 387
450 527
450 51
450 354
450 526
229 48
229 79
229 359
229 374
229 58
229 247
229 130
229 90
229 53
229 51
229 362
229 175
229 536
356 65
356 68
453 350
453 28
265 71
265 437
265 58
265 247
265 163
265 176
265 527
265 139
265 441
265 378
255 410
255 451
255 419
255 484
255 527
255 90
255 53
255 156
255 70
255 536
255 414
255 557
69 52
69 504
69 343
487 410
487 346
487 52
487 79
487 388
487 359
487 58
487 430
487 356
487 527
487 387
487 474
487 53
487 354
487 364
487 51
487 409
487 367
487 526
487 536
487 414
487 557
50 41
50 79
50 437
50 58
50 50
50 168
50 527
50 387
50 4
50 354
50 382
50 51
50 409
50 552
50 526
332 71
332 374
332 191
332 443
332 28
332 399
180 379
180 365
180 374
180 527
180 536
322 71
322 52
322 383
322 247
322 361
322 527
322 3
322 217
322 536
322 414
313 71
313 54
313 397
313 79
313 437
313 359
313 58
313 399
313 527
313 51
313 492
313 552
313 526
313 28
400 40
400 358
423 71
423 79
423 527
423 51
285 48
285 136
285 85
285 503
285 3
285 149
285 493
285 536
68 18
364 414
364 527
364 58
364 247
364 536
364 430
364 175
364 54
364 51
364 79
364 163
364 11
364 216
364 376
364 177
364 102
364 52
176 71
176 58
176 247
176 111
176 203
176 527
176 364
176 51
176 6
176 175
176 536
176 414
135 42
135 67
135 374
135 58
135 247
135 527
135 366
135 441
135 364
135 470
135 84
301 71
301 451
301 245
301 51
267 79
267 359
267 428
267 58
267 111
267 163
267 527
267 51
267 526
451 396
451 247
451 163
451 361
451 510
451 527
451 90
451 348
451 526
451 360
451 414
451 557
217 144
217 451
217 48
217 54
217 102
217 52
217 383
217 484
217 79
217 388
217 454
217 140
217 359
217 157
217 396
217 61
217 58
217 178
217 19
217 527
217 515
217 90
217 3
217 354
217 440
217 364
217 51
217 409
217 337
217 362
217 177
217 210
217 526
217 11
217 464
217 462
217 185
217 159
217 427
217 394
217 536
217 376
217 489
343 386
343 13
304 79
304 359
304 58
304 247
304 527
304 51
304 84
304 464
414 52
414 58
414 13
414 348
414 6
414 70
292 71
292 79
292 437
292 58
292 247
292 486
292 176
292 527
292 139
292 90
292 364
292 51
292 378
292 409
292 177
292 112
292 175
442 554
442 46
442 48
442 54
442 476
442 136
442 365
442 359
442 58
442 363
442 412
442 80
442 527
442 342
442 522
442 4
442 279
442 51
442 409
442 402
442 175
442 414
149 71
149 346
149 52
149 352
149 374
149 58
149 399
149 430
149 131
149 247
149 527
149 367
149 362
149 25
149 175
149 536
149 414
458 476
458 59
458 71
458 437
458 79
458 386
458 58
458 352
458 247
458 512
458 527
458 4
458 364
458 480
458 51
458 279
458 354
458 409
458 70
458 340
458 414
444 45
444 79
444 525
444 58
444 527
444 4
444 13
444 51
444 362
444 526
444 175
444 414
169 410
169 144
169 48
169 67
169 374
169 58
169 356
169 527
169 354
169 156
169 94
169 536
169 14
324 482
324 71
324 63
324 484
324 58
324 247
324 527
324 49
324 474
324 440
324 483
324 449
278 42
278 71
278 419
278 359
278 61
278 58
278 247
278 130
278 111
278 361
278 356
278 527
278 515
278 90
278 413
278 216
278 403
278 6
278 217
278 362
278 526
278 25
278 286
278 536
278 175
278 414
278 24
436 410
436 457
436 71
436 386
436 52
436 352
436 58
436 163
436 510
436 13
436 343
436 440
436 354
436 216
436 340
436 142
436 414
436 531
411 410
411 71
411 79
411 58
411 399
411 4
411 354
411 51
212 458
212 382
319 410
319 246
319 102
319 79
319 359
319 61
319 58
319 527
319 516
319 366
319 4
319 441
319 354
319 409
319 235
319 362
319 470
319 536
59 374
59 58
59 527
59 4
59 364
59 6
59 132
59 340
59 558
59 414
541 71
541 54
541 386
541 79
541 58
541 247
541 527
541 13
541 3
541 364
541 51
541 348
541 216
541 337
541 483
541 177
541 25
541 535
541 175
541 536
541 414
541 174
541 534
311 454
311 115
311 366
311 314
311 441
311 409
311 235
311 470
499 410
499 52
499 386
499 383
499 374
499 399
499 527
499 422
499 415
499 49
499 378
499 148
499 70
499 360
499 558
499 175
499 414
499 465
42 71
42 67
42 58
42 363
42 247
42 163
42 532
42 14
42 24
236 71
236 54
236 79
236 437
236 359
236 61
236 58
236 247
236 163
236 371
236 176
236 527
236 51
236 70
236 511
236 462
236 360
236 505
236 175
236 536
236 414
143 247
216 54
216 52
216 79
216 58
216 527
216 439
216 123
216 13
216 90
216 53
216 51
216 94
216 175
216 534
288 71
288 79
288 437
288 359
288 247
288 486
288 446
288 364
288 51
288 77
288 112
290 410
290 143
290 54
290 454
290 359
290 58
290 399
290 371
290 527
290 474
290 51
290 362
290 505
290 461
369 71
369 103
369 52
369 352
369 247
369 13
369 90
369 70
369 340
543 61
543 363
543 247
543 361
543 527
543 6
543 349
543 536
543 175
543 558
543 339
543 24
365 65
365 359
365 58
365 247
365 527
365 4
365 3
365 51
365 348
365 6
365 536
365 414
307 71
307 247
307 527
307 159
307 399
307 500
307 267
307 496
307 542
307 51
307 79
307 397
307 408
307 281
307 510
307 365
307 526
307 54
307 90
307 175
307 383
307 362
307 410
307 354
307 422
307 407
307 176
307 395
307 419
307 152
307 216
307 364
307 177
307 359
307 378
307 339
307 57
308 71
308 484
308 437
308 187
308 58
308 442
308 363
308 527
308 64
308 354
308 364
308 51
308 499
308 409
308 492
308 235
308 470
306 52
306 421
306 67
306 365
306 546
306 58
306 442
306 247
306 130
306 160
306 182
306 4
306 3
306 53
306 491
306 532
306 180
205 54
205 79
205 58
205 399
205 430
205 442
205 111
205 527
205 516
205 13
205 3
205 441
205 364
205 51
205 416
205 216
205 409
205 337
205 444
205 177
205 526
205 340
205 175
205 414
205 174
269 53
269 437
269 474
274 363
274 71
389 556
187 442
187 363
187 434
187 80
187 162
237 71
237 65
237 386
237 52
237 383
237 359
237 58
237 399
237 247
237 130
237 510
237 19
237 527
237 364
237 51
237 177
237 70
237 237
237 175
254 410
254 52
254 386
254 374
254 58
254 247
254 356
254 527
254 13
254 53
254 441
254 508
254 526
254 132
254 536
254 175
254 558
238 466
238 346
238 52
238 386
238 79
238 454
238 437
238 221
238 157
238 58
238 430
238 527
238 13
238 53
238 364
238 51
238 367
238 483
238 362
238 177
238 536
238 175
238 414
238 557
140 54
140 79
140 437
140 363
140 527
140 366
140 343
140 53
140 51
140 70
140 427
147 246
147 244
56 365
56 79
56 514
56 247
56 361
56 148
56 170
56 536
241 71
241 48
241 54
241 346
241 43
241 386
241 136
241 383
241 365
241 79
241 58
241 430
241 363
241 527
241 439
241 3
241 409
241 367
241 523
241 121
241 536
241 414
241 557
241 69
531 386
531 52
531 343
531 70
531 7
531 102
107 67
107 359
107 163
107 361
107 245
107 527
107 51
107 70
107 175
107 14
107 414
471 488
471 388
471 527
471 79
471 346
471 557
471 526
471 364
353 100
79 111
79 527
79 69
79 58
79 52
79 130
79 25
79 71
79 351
79 51
79 73
79 33
171 79
171 163
171 19
171 527
171 90
171 354
171 440
171 51
171 175
550 507
470 117
470 114
470 58
470 115
470 366
470 527
470 422
470 522
470 4
470 51
470 27
470 409
470 83
470 62
470 39
242 245
242 534
242 414
242 142
242 14
242 348
242 451
242 52
242 163
242 361
242 427
242 527
152 58
152 527
152 175
152 79
152 51
152 364
152 216
152 558
152 177
152 354
152 415
152 361
152 90
152 19
152 414
152 247
152 383
152 130
152 526
152 52
152 3
152 536
152 399
152 410
152 413
152 374
152 419
152 367
152 430
152 394
152 346
152 557
152 362
152 359
152 151
152 451
175 71
175 79
175 58
175 247
175 203
175 356
175 527
175 3
175 51
175 6
175 70
175 25
175 340
175 536
175 414
195 410
195 401
195 48
195 386
195 383
195 419
195 365
195 352
195 374
195 58
195 399
195 430
195 247
195 130
195 527
195 13
195 90
195 53
195 354
195 367
195 362
195 340
195 394
195 175
195 536
195 414
195 557
80 80
346 430
346 527
346 414
297 437
297 527
297 356
297 536
297 374
297 410
297 178
297 58
297 94
297 354
297 48
297 14
297 67
297 144
297 102
297 121
509 71
509 41
509 67
509 397
509 79
509 437
509 58
509 361
509 527
509 435
509 474
509 51
509 47
509 247
509 471
509 532
509 175
154 386
154 431
154 383
154 419
154 527
154 13
154 3
154 394
154 557
554 80
209 79
209 58
209 527
209 51
209 362
209 12
167 410
167 346
167 386
167 383
167 365
167 216
167 148
167 362
167 455
167 498
167 526
167 84
167 175
167 119
167 414
167 69
546 65
546 421
546 379
546 67
546 365
546 359
546 527
546 4
546 53
546 51
546 6
546 526
546 536
546 414
530 438
9 52
9 58
9 247
9 163
9 19
9 527
9 123
9 4
9 414
378 70
378 53
378 536
378 13
378 343
378 359
378 45
378 527
378 58
378 90
378 247
378 414
378 362
378 348
378 121
378 123
378 51
378 79
378 54
378 558
378 177
410 401
410 71
410 54
410 383
410 359
410 374
410 58
410 399
410 247
410 512
410 527
410 439
410 51
410 362
410 536
496 79
496 359
496 61
496 425
496 364
496 6
496 455
496 427
496 175
388 54
388 506
388 79
388 359
388 525
388 33
388 347
388 51
388 73
388 391
388 99
76 52
76 58
76 19
76 90
76 343
76 3
76 6
76 70
76 7
76 531
244 246
235 184
235 375
235 71
235 384
235 79
235 336
235 437
235 428
235 363
235 512
235 527
235 422
235 366
235 408
235 409
235 492
235 470
235 385
235 36
235 159
235 72
463 71
463 379
463 67
463 374
463 58
463 399
463 176
463 527
463 422
463 415
463 366
463 522
463 13
463 364
463 51
463 409
463 177
463 70
463 526
463 414
463 174
463 55
263 451
263 65
263 216
263 188
197 410
197 71
197 346
197 386
197 374
197 430
197 247
197 527
197 3
197 367
197 149
197 498
197 526
197 443
197 175
197 119
197 414
338 3
510 386
510 52
510 352
510 58
510 13
510 343
510 340
510 142
510 414
510 531
533 410
533 58
533 247
533 354
533 175
430 52
430 53
430 414
2 58
2 352
2 387
2 354
2 210
2 511
2 340
2 558
146 71
146 52
146 79
146 359
146 58
146 430
146 247
146 527
146 51
146 362
146 526
146 175
281 58
281 410
281 527
281 383
281 3
281 500
281 362
281 374
281 415
281 364
281 71
281 536
281 359
281 414
552 71
552 54
552 79
552 388
552 454
552 35
552 85
552 359
552 428
552 426
552 58
552 111
552 163
552 425
552 527
552 387
552 366
552 13
552 343
552 53
552 354
552 364
552 51
552 216
552 378
552 409
552 362
552 177
552 70
552 535
552 286
552 99
552 340
552 417
552 536
552 174
168 41
520 58
520 247
520 130
520 527
520 415
520 536
5 71
5 527
5 175
5 7
5 247
5 536
5 386
5 53
5 3
5 51
5 414
5 6
5 216
5 356
5 58
5 4
223 67
223 87
148 52
148 247
148 13
225 52
225 79
225 437
225 359
225 58
225 399
225 430
225 363
225 527
225 64
225 408
225 480
225 552
225 420
225 70
225 496
225 340
225 159
225 536
225 414
417 136
417 365
417 79
417 430
417 363
417 527
417 13
417 25
417 414
257 58
257 527
257 175
257 536
257 419
257 557
257 121
257 3
257 247
257 558
321 410
321 189
321 484
321 97
321 58
321 527
321 422
321 407
321 348
321 499
321 106
321 414
200 410
200 71
200 383
200 362
200 443
200 536
370 136
370 527
370 53
370 148
370 70
370 536
370 414
314 115
314 163
314 527
314 435
314 366
314 441
314 354
314 51
314 409
314 492
314 235
246 556
83 115
83 385
151 410
151 484
151 79
151 359
151 90
151 413
189 410
189 401
189 58
189 527
189 407
527 71
527 386
527 58
527 247
527 51
527 70
527 25
527 69
527 414
485 147
485 521
485 432
485 134
485 246
485 336
485 555
485 352
485 34
485 373
485 4
485 244
485 553
485 170
485 164
485 368
485 345
305 48
305 397
305 79
305 454
305 61
305 58
305 512
305 343
305 51
305 210
305 443
305 536
305 175
305 558
305 414
371 71
371 79
371 359
371 247
371 163
371 176
371 364
371 51
371 216
371 177
371 11
371 175
371 536
371 414
371 376
48 52
48 136
48 79
48 359
48 58
48 130
48 163
48 19
48 527
48 439
48 4
48 90
48 343
48 3
48 51
48 348
48 6
48 70
48 523
48 340
48 121
48 175
48 414
468 52
468 136
468 19
468 13
468 90
468 343
468 6
468 70
468 7
468 531
465 477
465 79
465 356
465 527
465 364
465 216
465 177
465 94
465 340
465 175
465 536
465 465
465 174
213 67
213 359
213 163
213 361
213 87
213 245
213 527
213 51
213 70
213 175
213 14
213 414
13 70
337 477
337 102
337 79
337 145
337 58
337 430
337 111
337 527
337 13
337 3
337 364
337 51
337 216
337 340
337 536
337 414
337 174
312 144
312 312
312 48
312 136
312 85
312 503
312 3
312 523
428 525
428 33
428 408
248 410
248 346
248 102
248 437
248 399
248 115
248 371
248 527
248 415
248 354
248 407
248 378
248 409
248 483
248 362
248 508
248 526
248 402
248 360
248 558
248 536
325 351
325 61
325 51
325 79
325 437
325 359
325 378
325 33
325 82
325 41
513 58
513 53
513 247
513 414
513 163
558 71
558 52
558 79
558 359
558 58
558 247
558 163
558 356
558 527
558 4
558 3
558 51
558 6
558 203
558 175
558 536
558 414
194 419
194 421
194 485
194 379
194 67
194 365
194 491
194 532
294 79
294 247
294 371
294 176
294 527
294 474
294 364
294 51
294 418
294 462
294 505
294 175
191 410
191 71
191 346
191 386
191 374
191 430
191 247
191 527
191 3
191 367
191 149
191 498
191 526
191 427
191 175
191 119
191 414
129 145
129 104
129 84
199 71
199 419
199 79
199 437
199 374
199 58
199 430
199 163
199 527
199 422
199 139
199 354
199 51
199 367
199 536
199 557
53 52
53 7
53 6
53 58
53 131
53 556
514 54
514 374
514 28
514 175
449 45
449 386
449 381
449 388
449 437
449 359
449 111
449 527
449 124
449 51
449 526
449 24
183 457
183 482
183 142
183 20
183 51
396 71
396 534
396 25
396 343
396 52
396 414
396 69
396 6
396 136
396 245
396 70
396 3
396 131
396 90
396 247
396 527
196 410
196 401
196 48
196 386
196 383
196 419
196 365
196 352
196 374
196 58
196 399
196 430
196 247
196 130
196 527
196 13
196 90
196 53
196 354
196 367
196 362
196 340
196 394
196 175
196 536
196 414
196 557
262 388
262 359
262 363
262 481
262 207
262 526
310 79
310 365
310 454
310 61
310 442
310 247
310 182
310 160
310 527
310 4
310 491
310 51
310 217
310 293
240 410
240 59
240 71
240 141
240 386
240 79
240 58
240 527
240 435
240 446
240 474
240 354
240 51
240 420
240 423
240 132
240 159
240 558
179 363
179 354
179 58
179 397
179 247
179 57
179 362
454 410
454 476
454 346
454 54
454 359
454 79
454 397
454 52
454 58
454 363
454 430
454 247
454 163
454 115
454 366
454 387
454 527
454 522
454 344
454 4
454 53
454 364
454 395
454 480
454 51
454 279
454 440
454 354
454 382
454 441
454 409
454 367
454 177
454 70
454 340
454 532
454 557
454 175
454 414
425 79
425 61
425 58
425 203
425 527
425 366
425 51
425 377
425 409
425 175
359 524
359 71
359 103
359 79
359 58
359 247
359 203
359 527
359 9
359 4
359 351
359 25
359 99
359 414
368 336
177 359
177 247
177 527
163 52
163 58
163 247
163 130
163 4
163 13
163 53
163 84
163 25
163 534
163 414
239 383
239 58
239 410
239 527
239 362
239 3
239 374
239 415
239 364
239 79
239 388
239 414
239 459
239 493
239 245
239 70
239 360
239 50
239 397
239 71
239 331
239 247
239 399
239 175
239 90
239 43
539 54
539 79
539 61
539 363
539 412
539 20
539 556
105 42
105 67
105 366
105 409
105 470
105 556
105 389
105 532
105 14
52 386
52 131
480 71
480 123
480 4
181 71
181 54
181 383
181 359
181 58
181 430
181 247
181 361
181 527
181 4
181 343
181 3
181 354
181 367
181 536
181 414
181 557
252 79
252 61
252 58
252 247
252 371
252 527
252 446
252 474
252 51
252 129
252 462
252 505
252 340
252 175
211 377
211 527
211 361
211 5
211 367
211 542
211 131
142 70
142 6
142 343
142 52
142 531
142 19
142 247
142 3
142 58
142 414
142 102
440 410
440 54
440 52
440 79
440 137
440 58
440 527
440 435
440 354
440 395
440 382
440 51
440 523
494 365
494 430
494 247
494 163
494 527
494 3
494 367
494 25
494 340
494 534
494 175
494 414
190 551
493 410
493 401
493 52
493 383
493 374
493 58
493 399
493 247
493 518
493 527
493 422
493 415
493 446
493 3
493 216
493 362
493 70
493 360
493 558
493 175
493 536
493 414
493 465
493 24
228 363
228 115
228 422
228 366
228 522
228 4
228 441
228 364
228 158
228 409
228 483
228 470
228 177
476 71
476 58
516 136
516 359
516 137
516 58
516 247
516 527
516 415
516 49
516 441
516 51
516 409
516 84
516 340
516 536
150 388
150 437
150 525
150 163
150 408
150 122
522 58
522 247
522 163
522 19
522 527
522 4
522 3
522 51
522 6
522 70
372 102
372 52
372 58
372 247
372 512
372 13
372 343
372 3
372 6
372 70
372 7
372 340
372 414
372 531
67 58
67 51
67 532
67 414
407 71
407 65
407 431
407 58
407 247
407 163
407 176
407 527
407 175
407 558
407 536
407 55
97 476
97 58
97 527
97 435
97 354
408 71
408 359
408 203
408 527
408 364
408 51
88 247
88 527
88 364
88 177
266 71
266 48
266 58
266 527
266 354
266 348
266 552
266 286
249 410
249 31
249 383
249 419
249 359
249 157
249 58
249 247
249 433
249 527
249 435
249 90
249 3
249 354
249 440
249 395
249 488
249 367
249 70
249 526
249 414
249 557
249 534
185 410
185 71
185 54
185 79
185 437
185 359
185 58
185 425
185 527
185 408
185 51
185 378
185 409
185 175
185 69
185 55
159 410
159 401
159 71
159 397
159 437
159 359
159 399
159 247
159 527
159 422
159 64
159 354
159 216
159 378
159 177
159 500
159 175
159 558
159 536
159 465
159 534
258 79
258 68
258 356
258 401
258 536
258 410
258 354
258 374
258 419
258 131
258 527
138 45
138 54
138 386
138 381
138 359
138 527
138 124
138 51
138 207
138 340
247 71
247 386
247 58
247 247
247 13
247 53
247 6
247 44
247 25
247 414
360 71
360 54
360 79
360 359
360 58
360 247
360 527
360 4
360 13
360 354
360 51
360 25
360 175
360 536
360 414
363 282
363 9
363 123
363 4
363 480
363 166
363 22
416 3
416 414
416 518
416 527
416 175
416 216
416 51
416 340
416 366
416 409
416 480
51 71
51 52
51 79
51 352
51 58
51 247
51 111
51 163
51 19
51 527
51 4
51 13
51 53
51 25
51 340
51 414
51 534
544 143
544 71
544 79
544 359
544 399
544 247
544 527
544 173
544 51
544 526
544 532
544 175
6 52
6 7
517 71
517 58
517 399
517 247
517 527
517 378
517 409
517 25
489 19
489 90
489 7
489 25
489 247
489 531
489 70
489 6
489 343
489 52
489 53
489 536
489 58
489 364
489 177
489 527
448 67
448 359
448 58
448 51
448 526
448 25
448 14
448 174
448 24
136 70
136 3
136 90
136 343
136 52
136 340
367 45
367 346
367 383
367 79
367 58
367 430
367 76
367 527
367 3
367 354
367 51
367 526
367 175
367 414
367 557
289 410
289 133
289 487
289 397
289 79
289 57
289 359
289 390
289 128
289 58
289 399
289 430
289 419
289 353
289 89
289 527
289 528
289 540
289 392
289 17
289 378
289 519
289 471
289 464
289 99
289 208
289 92
289 86
289 357
289 443
289 175
289 536
289 414
329 410
329 71
329 346
329 419
329 79
329 320
329 58
329 512
329 3
329 364
329 488
329 367
329 217
329 177
329 84
329 496
329 443
329 175
329 558
329 536
329 557
446 126
446 136
446 145
446 58
446 247
446 104
446 163
446 527
446 415
446 13
446 53
446 51
446 129
446 84
446 91
446 30
446 360
446 175
446 536
361 71
361 79
361 23
361 58
361 393
361 363
361 247
361 510
361 527
361 387
361 522
361 344
361 4
361 13
361 90
361 343
361 3
361 354
361 51
361 44
361 260
361 372
361 24
361 536
374 399
374 527
374 175
374 414
374 364
374 216
374 4
374 365
374 9
374 148
374 69
374 386
374 526
374 346
374 247
374 410
374 362
374 558
374 536
374 53
374 354
374 48
374 411
374 13
374 90
374 132
505 79
505 359
505 58
505 247
505 371
505 527
505 49
505 474
505 4
505 51
505 462
505 360
505 340
505 175
511 340
439 136
439 52
439 115
439 19
439 4
439 343
439 3
439 70
439 385
439 112
439 414
421 530
421 379
421 67
421 58
421 532
421 175
421 536
421 414
231 388
231 428
231 535
366 58
366 53
366 247
366 414
366 163
264 482
264 451
264 79
264 247
264 163
264 510
264 474
264 515
264 90
264 488
264 526
264 142
264 557
264 24
401 410
401 71
401 79
401 58
401 399
401 356
401 4
401 354
401 51
406 363
406 9
406 123
406 4
406 480
245 71
245 52
245 352
245 58
245 247
245 19
245 76
245 90
245 6
245 70
245 78
245 340
273 451
273 386
273 383
273 247
273 361
273 3
273 526
273 414
273 557
271 71
271 388
271 437
271 359
271 400
87 126
87 42
87 71
87 52
87 383
87 67
87 359
87 163
87 361
87 245
87 19
87 527
87 343
87 51
87 70
87 532
87 175
87 14
87 414
141 410
141 359
141 58
141 527
141 415
141 51
141 216
141 409
141 20
141 558
461 136
461 52
461 388
461 359
461 352
461 95
461 247
461 19
461 76
461 13
461 343
461 3
461 20
461 24
251 79
251 437
251 359
251 442
251 527
251 51
251 409
251 449
300 479
300 442
300 363
300 247
300 527
300 522
300 4
300 13
300 409
300 552
300 29
300 360
300 398
300 556
123 147
123 71
123 52
123 58
123 247
123 130
123 527
123 4
123 53
123 51
123 244
123 6
123 207
339 79
339 58
339 247
339 203
339 207
339 25
144 410
144 401
144 71
144 54
144 136
144 437
144 518
144 527
144 439
144 3
144 51
144 523
215 517
215 58
215 527
215 175
215 435
215 395
215 216
215 247
215 536
215 79
215 51
215 437
54 71
54 103
54 79
54 58
54 247
54 163
54 527
54 439
54 90
54 53
54 70
54 55
63 410
63 379
63 67
63 365
63 58
63 399
63 527
63 429
63 532
63 536
7 504
7 70
61 51
116 58
116 247
116 520
116 245
116 527
116 360
452 54
452 437
452 359
452 247
452 361
452 527
452 366
452 409
452 526
58 112
78 19
78 90
78 25
78 7
317 410
317 374
317 58
317 361
317 356
317 527
317 422
317 216
317 169
317 28
317 536
299 388
299 363
429 532
429 414
178 178
270 534
270 71
270 454
270 360
270 247
174 71
174 386
174 79
174 58
174 527
174 364
174 526
174 25
174 340
174 175
174 536
174 414
174 174
379 530
379 58
379 532
379 536
379 414
47 71
47 79
47 35
47 85
47 399
47 247
47 527
47 422
47 435
47 354
47 51
47 409
47 526
490 386
490 58
490 442
490 527
490 422
490 4
490 364
490 216
490 409
490 177
490 556
208 71
208 437
208 359
208 548
208 51
208 69
472 471
472 437
426 71
426 79
426 363
426 527
426 51
426 409
164 246
164 244
302 71
302 431
302 383
302 397
302 396
302 239
302 247
302 163
302 19
302 90
302 348
302 483
302 414
302 557
422 71
422 58
422 247
422 527
422 123
422 354
422 51
422 409
422 112
226 71
226 247
226 527
226 513
226 537
226 210
253 151
253 58
253 399
253 247
253 527
253 474
253 408
253 536
277 71
277 476
277 79
277 359
277 58
277 363
277 361
277 425
277 527
277 366
277 540
277 123
277 4
277 541
277 51
277 444
277 7
521 147
521 555
521 34
521 553
462 79
462 58
462 371
462 176
462 4
462 51
462 511
555 246
528 17
358 477
456 551
96 410
96 52
96 437
96 426
96 58
96 163
96 527
96 51
96 122
96 536
445 410
445 397
445 79
445 428
445 58
445 363
445 163
445 527
445 422
445 408
445 364
445 404
445 362
445 177
445 358
445 536
445 174
156 52
156 374
156 58
156 247
156 527
156 53
156 364
156 362
156 526
156 360
156 175
156 414
427 54
427 79
427 359
427 58
427 510
427 527
427 364
427 51
427 216
427 177
427 526
427 175
427 69
399 477
399 103
399 79
399 247
399 163
399 527
399 125
399 387
399 4
399 53
399 177
399 94
399 70
399 531
432 246
377 131
198 61
198 122
198 552
198 338
198 414
198 383
198 399
227 71
227 484
227 437
227 428
227 58
227 203
227 408
227 441
227 51
227 378
227 483
111 82
111 33
111 73
31 71
31 487
31 79
31 163
31 527
31 474
31 354
31 51
31 216
31 394
31 414
57 54
57 79
57 359
57 527
57 25
395 79
395 57
395 359
395 58
395 527
395 422
395 387
395 354
395 51
395 348
395 377
395 526
455 410
455 411
455 48
455 346
455 383
455 79
455 374
455 399
455 247
455 527
455 13
455 90
455 53
455 354
455 362
455 70
455 526
455 175
455 536
455 558
455 414
354 410
354 79
354 58
354 163
354 19
354 527
354 387
354 4
354 90
354 51
354 175
354 339
382 79
382 359
382 58
382 527
382 387
382 354
382 395
382 51
382 526
64 247
64 527
64 58
64 175
64 79
64 53
64 414
64 4
64 526
64 364
64 354
64 374
64 420
64 415
64 437
64 409
64 110
64 21
64 113
64 502
64 473
64 460
387 359
387 79
387 67
387 58
387 130
387 527
387 344
387 4
387 51
387 354
387 526
153 338
153 71
153 40
153 397
153 79
153 437
153 527
153 415
153 64
153 529
153 509
153 364
153 481
153 409
153 445
153 552
153 358
153 391
232 71
232 54
232 79
232 437
232 359
232 61
232 58
232 247
232 163
232 371
232 176
232 527
232 51
232 70
232 511
232 462
232 360
232 505
232 175
232 536
232 414
3 52
3 58
3 131
3 343
3 53
3 6
3 70
3 531
130 52
130 58
130 247
130 13
130 343
130 3
130 53
130 25
130 132
130 414
268 419
234 410
234 82
234 54
234 79
234 359
234 61
234 58
234 399
234 527
234 4
234 440
234 354
234 51
234 362
234 526
234 99
234 461
32 246
218 71
218 48
218 52
218 79
218 454
218 151
218 58
218 399
218 247
218 361
218 527
218 515
218 408
218 3
218 377
218 25
218 188
218 547
218 175
218 536
218 534
380 340
380 24
380 70
380 19
380 52
380 247
380 25
380 51
10 79
10 359
10 58
10 527
10 387
10 354
10 395
10 51
10 526
437 410
437 524
437 71
437 54
437 52
437 79
437 388
437 359
437 61
437 58
437 430
437 247
437 111
437 527
437 422
437 366
437 540
437 439
437 529
437 364
437 51
437 216
437 409
437 122
437 177
437 20
437 127
437 70
437 385
437 526
437 11
437 391
437 286
437 99
437 536
437 175
437 414
259 386
259 374
259 527
259 366
259 51
259 409
259 367
259 470
259 526
259 536
259 414
259 557
259 69
106 58
106 247
106 76
106 527
106 53
106 536
106 531
501 67
501 359
501 163
501 361
501 245
501 527
501 51
501 70
501 175
501 14
501 414
45 54
45 79
45 247
45 203
45 527
45 53
45 51
45 340
45 175
45 414
221 71
221 386
221 79
221 388
221 454
221 359
221 428
221 61
221 58
221 527
221 400
221 408
221 90
221 53
221 537
221 550
221 364
221 481
221 158
221 483
221 60
221 552
221 177
221 526
221 535
221 37
221 358
221 507
221 355
221 536
221 414
221 465
221 174
497 419
497 379
497 359
497 352
497 58
497 527
497 90
497 536
497 557
327 71
327 58
327 363
327 395
327 51
327 409
327 492
327 470
327 69
515 410
515 451
515 419
515 421
515 485
515 379
515 67
515 359
515 352
515 399
515 247
515 130
515 111
515 178
515 203
515 356
515 245
515 76
515 527
515 13
515 90
515 3
515 468
515 413
515 6
515 362
515 526
515 78
515 340
515 175
515 536
515 414
549 54
549 43
549 79
549 514
549 247
549 361
549 25
549 175
491 410
491 421
491 379
491 67
491 365
491 374
491 247
491 491
491 527
491 340
491 536
534 71
534 136
534 52
534 431
534 95
534 247
534 19
534 504
534 343
534 3
534 6
534 70
534 25
534 7
534 414
331 45
331 386
331 381
331 388
331 437
331 359
331 111
331 527
331 51
331 526
402 147
402 246
402 46
402 476
402 58
402 527
402 4
402 279
402 51
402 244
202 386
202 383
202 399
202 95
202 130
202 13
202 90
202 343
202 409
202 25
202 340
202 443
202 536
139 410
139 58
139 354
139 382
139 414
272 235
503 6
503 13
503 53
503 48
503 136
503 52
503 526
503 58
503 364
503 558
503 399
503 374
503 59
503 123
503 527
503 175
503 343
503 61
70 70
474 410
474 457
474 71
474 54
474 397
474 79
474 388
474 58
474 510
474 425
474 527
474 408
474 407
474 51
474 402
193 143
193 71
193 52
193 386
193 79
193 454
193 437
193 359
193 514
193 374
193 58
193 111
193 527
193 364
193 51
193 552
193 177
193 207
193 94
193 526
193 286
193 175
286 524
286 203
286 385
12 168
529 71
529 388
529 359
529 525
529 203
330 71
330 54
330 65
330 186
330 79
330 58
330 247
330 111
330 361
330 514
330 527
330 387
330 173
330 343
330 354
330 51
330 216
330 403
330 25
330 175
284 410
284 184
284 246
284 48
284 458
284 431
284 61
284 363
284 514
284 527
284 422
284 516
284 366
284 522
284 4
284 90
284 441
284 51
284 403
284 409
284 235
284 217
284 470
284 175
284 119
284 414
188 410
188 542
188 346
188 487
188 397
188 430
188 356
188 527
188 408
188 367
188 536
404 54
404 79
404 58
404 399
404 430
404 111
404 527
404 13
404 3
404 364
404 51
404 216
404 409
404 337
404 177
404 94
404 526
404 340
404 175
404 414
404 174
19 52
19 504
19 343
19 70
19 7
172 26
532 58
532 163
532 372
532 414
532 534
467 79
467 525
467 430
467 247
467 527
467 364
467 367
467 177
467 175
467 536
467 414
119 410
119 71
119 52
119 383
119 79
119 359
119 374
119 58
119 399
119 430
119 247
119 203
119 356
119 527
119 13
119 343
119 3
119 354
119 364
119 51
119 367
119 362
119 70
119 526
119 5
119 175
119 536
119 414
192 79
192 514
192 374
192 430
192 247
192 527
192 343
192 90
192 367
192 362
192 498
192 523
192 459
192 175
192 536
192 414
192 69
250 71
250 54
250 133
250 136
250 52
250 431
250 383
250 79
250 454
250 514
250 58
250 247
250 163
250 527
250 173
250 4
250 51
250 25
250 536
250 14
250 414
250 69
250 24
424 419
424 421
424 67
424 352
424 58
424 536
362 172
362 52
362 359
362 26
362 58
362 131
362 247
362 518
362 527
362 206
362 504
362 343
362 3
362 18
362 68
362 70
362 12
362 175
362 69
362 24
362 531
204 482
201 386
201 397
201 79
201 454
201 58
201 472
201 527
201 387
201 446
201 408
201 354
201 440
201 364
201 51
201 337
201 483
201 177
201 471
397 71
397 45
397 41
397 52
397 383
397 79
397 359
397 58
397 363
397 247
397 19
397 527
397 387
397 343
397 53
397 51
397 216
397 409
397 526
397 7
397 536
298 431
298 175
298 383
298 90
298 413
298 343
298 399
298 130
298 527
352 414
352 340
433 71
433 48
433 54
433 346
433 58
433 527
433 435
433 354
433 348
433 216
433 526
433 286
287 51
287 79
287 54
287 443
287 58
287 519
287 527
287 217
287 216
287 359
287 526
315 116
315 437
315 247
315 527
315 51
315 286
315 175
15 71
15 383
15 359
15 399
15 247
15 510
15 364
15 216
15 378
15 25
15 286
15 558
15 24
376 71
376 102
376 52
376 58
376 247
376 19
376 76
376 527
376 90
376 343
376 53
376 6
376 70
376 11
376 25
376 7
376 532
376 531
403 386
403 79
403 359
403 58
403 430
403 247
403 130
403 111
403 163
403 527
403 343
403 51
403 216
403 532
403 175
403 14
403 414
403 339
22 166
333 410
333 383
333 419
333 79
333 374
333 130
333 356
333 527
333 354
333 175
333 558
333 557
538 54
538 79
538 359
538 58
538 527
538 51
538 216
538 207
538 286
538 340
538 175
538 558
1 58
1 352
1 387
1 354
1 207
1 511
1 340
1 558
478 362
478 24
478 510
478 447
478 360
478 396
478 58
478 414
478 383
478 527
478 526
478 450
478 451
478 361
256 246
256 244
326 397
326 79
326 527
326 422
326 51
326 471
326 505
326 414
326 557
55 71
55 431
55 19
55 343
55 3
55 6
55 70
55 349
55 25
55 340
55 534
466 410
466 71
466 542
466 346
466 419
466 26
466 430
466 247
466 130
466 361
466 203
466 371
466 176
466 76
466 527
466 3
466 354
466 367
466 394
466 558
466 175
466 557
500 410
500 71
500 383
500 397
500 79
500 51
500 378
500 526
500 25
500 286
500 28
500 175
548 524
548 388
548 437
548 359
548 203
548 529
548 351
548 391
548 286
214 552
214 496
214 79
276 352
276 58
276 527
276 216
276 526
230 381
230 71
230 336
230 421
230 505
230 247
230 6
230 414
230 119
230 175
230 176
230 527
230 51
230 48
230 410
230 79
230 366
230 359
230 58
230 4
230 382
230 364
230 177
230 488
230 90
230 514
230 360
230 510
230 474
230 362
230 365
230 491
182 419
182 421
182 485
182 379
182 67
182 365
182 491
182 532
383 383
498 374
498 526
498 346
498 527
498 247
498 175
498 558
498 536
498 53
498 354
498 48
498 383
498 13
498 414
498 90
498 410
498 362
498 411
498 399
498 136
498 58
498 177
498 455
344 147
344 54
344 79
344 359
344 555
344 58
344 163
344 527
344 4
344 51
344 175
291 410
291 71
291 386
291 52
291 431
291 383
291 450
291 365
291 437
291 352
291 58
291 527
291 13
291 343
291 3
291 407
291 413
291 216
291 337
291 6
291 443
291 394
291 175
291 55
233 175
233 394
233 52
233 25
233 247
233 361
233 536
233 3
233 90
233 343
233 527
233 360
233 13
233 58
309 410
309 386
309 52
309 431
309 383
309 450
309 365
309 437
309 352
309 527
309 522
309 13
309 343
309 3
309 407
309 413
309 216
309 337
309 6
309 207
309 427
309 394
309 175
309 24
309 55
394 4
394 346
394 13
394 90
394 247
394 386
394 58
394 53
394 536
394 343
394 527
394 430
394 367
394 557
393 9
393 123
393 4
393 480
495 410
495 103
495 383
495 419
495 359
495 352
495 58
495 247
495 111
495 356
495 527
495 90
495 413
495 367
495 362
495 526
495 5
495 175
495 536
495 414
495 557
90 386
90 52
90 131
90 13
90 6
90 70
155 58
155 527
155 6
536 71
536 65
536 52
536 58
536 247
536 356
536 13
536 3
536 6
536 70
536 25
536 340
536 175
536 414
295 410
295 71
295 487
295 102
295 383
295 419
295 359
295 58
295 95
295 247
295 527
295 474
295 90
295 3
295 364
295 51
295 337
295 177
295 511
295 526
295 462
295 360
295 414
295 557
295 174
405 386
405 67
405 383
405 58
405 247
405 527
405 522
405 13
405 364
405 148
405 5
405 175
405 414
335 351
335 61
335 51
335 79
335 437
335 359
335 378
335 33
335 525
335 82
335 41
551 542
551 16
551 28
486 93
486 71
486 54
486 74
486 41
486 79
486 437
486 359
486 58
486 247
486 163
486 527
486 100
486 364
486 51
486 404
486 77
486 378
486 66
486 341
486 81
486 475
486 175
486 69
447 142
375 385
4 246
4 71
243 48
243 79
243 61
243 58
243 512
243 343
243 51
243 207
243 427
243 536
243 175
243 558
243 414
464 52
464 79
464 359
464 58
464 247
464 527
464 4
464 53
464 51
464 175
464 558
464 414
280 54
280 454
280 58
280 442
280 522
280 314
280 4
280 139
280 480
280 51
280 279
280 354
280 440
280 441
441 79
441 165
441 115
441 101
441 527
441 366
441 522
441 480
441 51
441 409
441 118
469 410
469 71
469 48
469 346
469 383
469 359
469 58
469 527
469 90
469 53
469 469
469 175
469 536
469 414
220 54
220 52
220 383
220 419
220 79
220 454
220 359
220 58
220 247
220 527
220 4
220 90
220 343
220 3
220 53
220 354
220 440
220 364
220 51
220 177
220 427
220 175
220 414
328 410
328 71
328 48
328 383
328 79
328 359
328 58
328 130
328 361
328 510
328 245
328 527
328 90
328 51
328 378
328 409
328 362
328 526
328 25
328 464
328 121
328 536
328 414
391 71
391 51
391 359
320 410
320 102
320 52
320 383
320 419
320 79
320 58
320 247
320 163
320 178
320 527
320 90
320 3
320 364
320 488
320 337
320 526
320 496
320 414
320 557
38 247
38 340
14 71
14 359
14 58
14 247
14 163
14 245
14 19
14 527
14 9
14 343
14 210
14 532
14 414
14 531
323 410
323 82
323 79
323 388
323 359
323 61
323 399
323 527
323 440
323 354
323 51
323 362
323 526
323 99
323 461
459 71
459 79
459 58
459 247
459 527
459 364
459 523
459 536
293 410
293 144
293 477
293 71
293 45
293 48
293 54
293 487
293 346
293 52
293 383
293 421
293 495
293 67
293 365
293 79
293 454
293 437
293 359
293 352
293 58
293 399
293 545
293 430
293 442
293 363
293 247
293 163
293 356
293 371
293 527
293 474
293 366
293 124
293 522
293 4
293 13
293 90
293 343
293 3
293 279
293 364
293 51
293 337
293 6
293 367
293 362
293 44
293 177
293 449
293 526
293 5
293 523
293 505
293 142
293 427
293 394
293 370
293 121
293 175
293 536
293 414
293 557
8 79
8 552
8 58
8 247
8 527
8 175
8 49
8 51
8 176
8 371
8 361
8 451
435 48
435 79
435 359
435 58
435 130
435 527
435 354
435 382
435 51
435 526
334 386
334 51
334 79
334 343
334 414
334 367
334 192
334 536
334 175
334 58
334 247
334 527
334 52
334 54
334 443
334 451
334 419
334 526
334 362
334 492
415 136
415 359
415 58
415 247
415 527
415 206
415 13
415 53
415 51
415 360
415 340
415 175
415 536
415 558
157 71
157 430
157 527
157 435
157 354
157 440
157 157
157 216
157 367
157 526
157 414
409 71
409 386
409 79
409 363
409 115
409 527
409 366
409 4
409 364
409 51
409 216
409 177
275 437
275 474
275 123
275 440
275 354
261 410
261 71
261 383
261 450
261 397
261 454
261 437
261 359
261 137
261 399
261 527
261 364
261 216
261 378
261 409
261 337
261 483
261 261
261 526
261 523
261 286
261 175
160 410
160 79
160 365
160 546
160 58
160 374
160 442
160 527
160 526
160 175
186 447
186 350
186 71
186 451
186 79
186 514
186 58
186 247
186 510
186 527
186 435
186 4
186 354
186 440
186 51
186 190
186 378
186 16
186 453
186 551
186 142
186 28
186 456
186 459
186 536
186 414
186 339
316 71
316 79
316 388
316 51
11 71
11 52
11 136
11 247
11 90
11 343
11 3
11 6
11 25
11 7
219 466
219 451
219 247
219 90
219 409
219 470
219 526
219 360
219 414
219 557
492 71
492 35
492 85
492 359
492 61
492 247
492 527
492 422
492 435
492 354
492 51
492 409
492 526
545 52
545 352
545 58
545 247
545 245
545 19
545 76
545 90
545 343
545 6
545 70
545 78
545 7
545 340
545 414
303 54
303 79
303 61
303 363
303 412
303 20
303 556
557 346
557 527
557 51
557 148
161 487
161 386
161 52
161 79
161 359
161 58
161 430
161 247
161 527
161 13
161 53
161 51
161 526
161 175
161 414
283 410
283 454
283 359
283 58
283 527
283 440
283 362
283 526
419 410
419 71
419 52
419 530
419 421
419 379
419 67
419 79
419 359
419 352
419 58
419 399
419 247
419 130
419 111
419 163
419 178
419 203
419 356
419 371
419 176
419 527
419 98
419 4
419 13
419 90
419 3
419 51
419 413
419 6
419 75
419 362
419 18
419 70
419 526
419 5
419 175
419 536
419 558
318 71
318 383
318 419
318 374
318 61
318 247
318 527
318 90
318 3
318 526
318 414
318 557
296 527
296 53
296 414
120 246
120 553
