0 0
1 3
2 2
3 1
4 2
5 1
6 3
7 2
8 2
9 3
10 6
11 3
12 3
13 6
14 4
15 6
16 4
17 1
18 4
19 1
20 3
21 4
22 3
23 4
24 1
25 6
26 3
27 6
28 4
29 3
30 6
31 6
32 4
33 1
34 3
35 6
36 1
37 4
38 1
39 6
40 5
41 5
42 1
43 3
44 4
45 6
46 1
47 5
48 6
49 3
50 5
51 6
52 1
53 1
54 4
55 4
56 5
57 3
58 1
59 3
60 3
61 1
62 1
63 6
64 4
65 2
66 2
67 2
68 3
69 4
70 6
71 3
72 3
73 6
74 1
75 3
76 1
77 3
78 3
79 3
80 1
81 3
82 6
83 2
84 4
85 5
86 3
87 3
88 3
89 6
90 3
91 6
92 2
93 2
94 1
95 6
96 5
97 2
98 1
99 3
100 2
101 6
102 3
103 2
104 2
105 1
106 2
107 5
108 3
109 5
110 6
111 3
112 5
113 3
114 3
115 3
116 6
117 2
118 6
119 6
120 6
121 3
122 3
123 1
124 3
125 2
126 5
127 6
128 1
129 6
130 2
131 1
132 2
133 2
