49 9
49 108
4 8
4 92
4 133
4 125
4 2
38 128
115 1
115 9
115 108
115 26
115 99
115 49
115 113
115 29
81 34
81 49
93 103
93 7
93 8
93 83
93 92
93 133
93 97
93 4
93 65
93 2
74 53
74 123
74 36
66 132
75 46
75 22
75 49
75 114
75 111
75 115
75 20
82 116
85 126
85 47
85 109
85 50
85 56
85 112
85 96
85 107
85 41
85 40
67 104
67 132
67 125
67 66
67 65
119 63
119 39
119 108
119 49
119 114
119 115
78 71
78 108
78 99
78 114
78 49
78 117
78 6
78 111
78 115
24 46
24 128
109 107
126 107
106 104
106 125
106 65
104 104
104 125
114 108
114 49
114 71
114 99
114 20
114 22
114 11
114 6
114 68
114 12
114 60
114 43
114 59
114 111
88 102
88 49
88 57
88 111
88 79
111 108
111 99
111 49
111 114
111 43
111 115
111 20
84 32
84 37
84 21
84 69
84 55
84 49
84 18
84 114
84 54
84 64
84 16
84 115
84 23
84 28
84 44
84 14
117 104
117 132
117 103
117 7
117 93
117 8
117 83
117 100
117 92
117 106
117 133
117 130
117 125
117 67
117 97
117 66
117 4
117 65
117 20
117 2
122 114
123 46
123 53
123 3
123 76
123 105
123 52
123 24
123 38
123 128
123 17
123 58
123 36
123 94
123 62
123 131
123 5
123 33
123 98
123 42
123 61
123 19
71 49
71 20
71 65
13 101
13 10
9 102
9 108
7 104
7 8
7 92
7 133
7 125
7 20
110 101
110 13
110 10
56 107
6 20
79 34
79 9
79 99
79 49
79 114
79 57
79 111
79 115
79 29
99 9
99 108
99 49
99 121
68 49
68 6
68 20
12 12
33 3
8 92
72 99
72 49
72 114
72 6
72 68
72 20
100 7
100 93
100 8
100 83
100 92
100 65
77 114
77 49
77 115
2 125
80 123
22 46
22 11
22 20
107 97
46 128
98 105
87 9
87 49
87 114
87 57
87 111
87 79
87 115
90 71
90 108
90 99
90 22
90 49
90 114
90 111
90 115
90 20
57 9
57 108
57 99
57 49
57 114
57 124
57 111
57 115
86 9
86 99
86 49
86 114
86 111
86 79
86 115
125 103
125 130
125 65
125 20
65 125
65 66
65 20
128 38
92 92
92 20
116 119
116 63
116 127
116 91
116 95
116 120
116 51
116 45
116 48
116 25
116 27
116 30
116 73
116 31
116 70
116 118
116 10
116 101
116 13
116 110
116 39
116 89
116 129
116 15
116 35
116 102
