0 0
1 6
2 4
3 1
4 5
5 4
6 1
7 2
8 3
9 5
10 6
11 2
12 1
13 6
14 1
15 1
16 4
17 2
18 2
19 1
20 3
21 1
22 3
23 8
24 5
25 1
26 6
27 4
28 1
29 7
30 4
31 7
32 1
33 5
34 6
35 6
36 4
37 5
38 8
39 7
40 6
41 1
42 8
43 7
44 4
45 8
46 3
47 4
48 6
49 5
50 7
51 5
52 6
53 1
54 4
55 3
56 2
57 8
58 4
59 3
60 1
61 5
62 2
63 3
64 5
65 1
66 4
67 7
68 4
69 1
70 7
71 1
72 7
73 8
74 7
75 1
76 4
77 1
78 6
79 1
80 8
81 4
82 6
83 6
84 4
85 3
86 1
87 6
88 2
89 8
90 1
91 6
92 8
93 1
94 1
95 7
96 8
97 5
98 1
99 2
100 8
101 8
102 1
103 3
104 6
105 1
106 2
107 4
108 5
109 4
110 1
111 6
112 6
113 8
114 5
115 8
116 1
117 8
118 7
119 1
120 5
121 7
122 6
123 4
124 8
125 8
126 4
127 8
128 1
129 6
130 2
131 1
132 5
133 1
134 1
135 2
136 6
137 2
138 2
139 4
140 7
141 1
142 5
143 5
144 6
145 6
146 2
147 7
148 2
149 3
150 2
151 2
152 8
153 5
154 8
155 8
156 5
157 2
158 2
159 3
160 6
161 2
162 5
163 2
164 8
165 8
166 8
167 6
168 6
169 6
170 7
171 5
172 5
173 2
174 6
175 8
176 2
177 5
178 2
179 2
180 6
181 5
182 6
183 2
184 8
185 8
186 3
187 6
188 7
189 1
190 2
191 1
192 2
193 8
194 6
195 8
196 5
197 8
198 6
199 7
200 5
201 3
202 2
203 7
204 5
205 1
206 1
207 6
208 5
209 1
210 3
211 3
212 8
213 2
214 6
215 2
216 6
217 3
218 2
219 8
220 4
221 3
222 7
223 1
224 8
225 6
226 8
227 8
228 1
229 8
230 8
231 6
232 4
233 4
234 8
235 3
236 5
237 8
238 3
239 1
240 2
241 5
242 1
243 6
244 6
245 6
246 2
247 8
248 1
249 7
250 1
251 6
252 8
253 2
254 3
255 2
256 5
257 5
258 2
259 7
260 5
261 2
262 6
263 1
264 3
265 2
266 7
267 2
268 1
269 2
270 2
271 1
272 1
273 3
274 3
275 7
276 1
277 1
278 2
279 5
280 2
281 2
282 8
283 6
284 3
285 6
286 8
287 4
288 6
289 1
290 8
291 2
292 8
293 2
294 3
295 2
296 8
297 5
298 6
299 8
300 8
301 8
302 5
303 2
304 1
305 7
306 8
307 2
308 2
309 6
310 2
311 8
312 2
313 2
314 5
315 2
316 1
317 4
318 8
319 8
320 4
321 3
322 7
323 1
324 4
325 5
326 5
327 8
328 2
329 1
330 1
331 4
332 1
333 1
334 4
335 4
336 1
337 5
338 1
339 6
340 1
341 8
342 3
343 3
344 4
345 5
346 5
347 8
348 1
349 5
350 1
351 8
352 4
353 2
354 3
355 6
356 5
357 8
358 8
359 8
360 7
361 3
362 4
363 4
364 5
365 4
366 8
367 2
368 1
369 6
370 1
371 1
372 1
373 7
374 8
375 2
376 2
377 4
378 5
379 2
380 5
381 7
382 3
383 1
384 2
385 1
386 8
387 6
388 4
389 8
390 2
391 2
392 8
393 3
394 3
395 8
396 2
397 5
398 5
399 8
400 1
401 5
402 1
403 6
404 8
405 8
406 3
407 4
408 5
409 1
410 3
411 1
412 5
413 3
414 3
415 6
416 5
417 8
418 4
419 8
420 7
421 4
422 2
423 5
424 2
425 1
426 1
427 1
428 1
429 1
430 6
431 1
432 2
433 7
434 5
435 3
436 4
437 5
438 8
439 8
440 7
441 6
442 8
443 1
444 5
445 5
446 8
447 2
448 8
449 8
450 1
451 6
452 8
453 5
454 7
455 8
456 5
457 7
458 8
459 3
460 6
461 7
462 5
463 1
464 1
465 1
466 7
467 6
468 4
469 7
470 2
471 5
472 8
473 8
474 3
475 3
476 1
477 1
478 6
479 8
480 8
481 2
482 2
483 4
484 3
485 7
486 1
487 1
488 3
489 8
490 7
491 6
492 6
493 2
494 8
495 2
496 3
497 6
498 1
499 5
500 3
501 1
502 7
503 8
504 7
505 7
506 7
507 3
508 6
509 8
510 5
511 8
512 6
513 2
514 1
515 6
516 3
517 4
518 1
519 3
520 2
521 6
522 8
523 5
524 5
525 5
526 3
527 1
