282 358
282 96
282 271
282 152
282 117
282 480
282 404
282 17
282 318
282 227
282 474
282 384
282 347
282 125
307 495
307 420
307 192
307 255
307 353
307 18
307 46
307 367
307 394
262 78
262 49
262 160
262 507
262 356
262 46
262 146
262 441
262 403
262 415
262 367
262 183
262 508
262 182
262 180
262 445
172 318
172 234
172 46
172 397
172 408
291 391
291 18
291 494
291 470
291 353
291 380
291 345
291 146
291 255
349 62
349 255
349 120
349 234
349 230
349 73
349 525
320 388
320 331
329 98
329 370
329 340
329 14
329 518
329 133
382 500
382 8
395 432
395 392
395 46
395 511
395 125
395 366
277 205
277 443
277 428
277 315
266 205
266 420
442 494
442 502
442 145
442 466
442 114
442 142
442 62
442 49
442 45
442 125
442 230
442 80
442 23
442 511
442 374
442 324
442 365
442 423
442 357
442 124
442 489
3 372
3 371
52 40
52 26
490 504
490 505
162 319
162 142
162 46
162 100
162 408
162 236
162 4
475 62
475 500
475 59
475 4
475 366
405 472
405 351
405 224
405 405
405 455
392 395
392 432
392 18
392 472
392 404
392 493
392 318
392 234
392 46
392 347
392 73
392 125
392 366
495 500
495 56
297 416
297 62
297 398
297 494
297 345
297 11
297 160
297 503
297 420
297 390
195 386
195 359
195 358
195 509
195 80
195 120
195 446
195 165
195 399
195 152
195 18
195 458
195 92
195 117
195 319
195 449
195 118
195 85
195 78
195 49
195 473
195 503
195 351
195 353
195 420
195 438
195 169
195 89
195 40
195 185
195 350
195 413
195 46
195 489
195 146
195 447
195 100
195 112
195 155
195 347
195 448
195 23
195 327
195 125
195 415
195 403
195 367
195 175
195 158
195 101
77 98
77 498
77 340
77 14
77 329
77 141
351 341
351 472
351 237
508 319
508 334
508 49
508 160
508 351
508 46
508 423
508 403
283 18
283 122
283 49
283 111
283 46
283 146
283 441
283 187
283 403
283 470
283 367
283 1
249 420
240 152
240 18
240 319
240 404
240 420
240 146
240 447
240 315
115 416
115 522
115 18
115 449
115 494
115 345
115 381
115 353
115 420
115 234
115 442
440 466
440 500
138 375
138 62
138 379
138 18
138 255
138 150
138 422
138 493
138 318
138 353
138 234
138 46
138 384
138 470
409 32
409 65
409 409
275 420
275 146
275 449
275 416
275 345
439 423
439 413
439 366
439 117
439 234
439 353
439 420
496 20
496 18
496 526
496 103
496 488
496 353
496 46
496 1
7 449
7 470
7 367
163 494
163 49
163 353
163 213
163 384
163 470
49 326
49 325
49 472
49 494
49 511
49 73
49 45
290 18
290 443
290 449
290 420
290 347
290 494
23 80
23 18
23 108
23 495
23 45
23 125
23 366
164 18
164 442
164 234
164 142
164 37
164 226
164 117
164 230
164 49
164 374
164 493
164 1
164 473
164 103
164 46
164 526
164 418
164 59
164 62
164 319
164 407
164 358
164 508
164 403
164 404
164 449
448 319
448 472
448 347
448 73
448 23
448 125
448 114
348 18
348 37
348 250
117 227
117 226
117 46
117 73
117 45
117 366
197 184
197 522
197 480
197 4
101 117
101 73
101 45
101 366
484 412
116 450
318 325
318 46
318 100
318 347
318 511
318 327
408 432
408 62
408 18
408 49
408 142
408 510
408 46
408 397
408 4
437 437
78 415
479 326
479 80
479 494
479 489
479 100
479 347
479 125
479 1
479 445
334 62
334 47
334 232
334 436
514 223
514 316
514 32
192 416
192 392
192 349
192 399
192 18
192 150
192 345
192 422
192 11
192 120
192 49
192 59
192 353
192 146
192 384
192 73
192 470
192 367
236 114
236 445
193 46
193 366
193 73
193 125
193 23
193 230
193 347
226 73
226 455
522 16
522 62
522 229
522 4
449 226
449 455
449 472
449 351
449 494
449 46
449 366
449 73
449 347
449 230
449 125
449 23
449 489
449 18
141 98
141 340
141 329
2 16
2 345
2 483
246 18
246 321
246 376
246 401
246 318
246 143
246 64
246 353
246 442
246 441
246 481
246 367
396 367
494 323
494 373
494 520
399 375
399 234
399 230
399 73
294 49
294 519
294 438
294 342
521 309
253 482
253 513
253 349
253 523
253 396
253 122
253 130
253 495
253 161
253 64
253 111
253 106
253 267
253 46
253 146
253 441
253 447
253 384
253 99
253 403
253 470
253 367
315 326
315 62
315 325
315 18
315 495
315 17
315 232
315 367
258 62
258 18
258 11
258 59
258 495
258 17
258 234
258 146
214 80
214 18
214 345
214 174
214 122
214 207
214 46
214 441
214 403
214 367
44 46
44 366
38 341
38 472
38 120
38 524
38 234
38 455
383 119
383 464
276 18
276 418
276 524
276 32
276 526
276 425
276 465
276 356
276 350
276 73
276 12
150 323
150 373
150 520
107 416
107 494
107 345
107 18
107 353
107 324
107 524
107 455
107 366
107 62
107 365
107 420
107 125
107 347
107 421
148 255
148 376
148 345
148 173
148 318
148 64
148 423
148 441
148 23
148 367
356 326
356 62
356 380
356 524
356 108
356 488
356 37
356 142
356 502
356 43
356 350
356 46
356 337
356 489
356 23
356 236
356 525
344 16
344 493
344 57
344 46
344 483
364 62
364 119
364 32
364 236
364 525
477 119
477 134
477 465
431 494
431 67
431 465
431 353
431 322
343 149
343 58
343 494
343 229
343 519
343 412
343 46
343 342
343 525
343 366
343 445
303 151
303 420
303 255
303 394
303 353
303 18
303 495
303 213
310 325
310 384
455 80
455 229
415 341
415 351
415 224
415 237
415 73
469 466
251 349
251 472
251 111
251 198
251 46
251 441
251 367
476 3
476 321
397 494
229 229
416 49
416 353
416 62
416 18
416 398
416 142
416 4
416 236
416 88
416 466
416 227
416 46
416 80
416 73
416 366
416 125
416 23
416 438
416 117
416 489
416 318
416 376
416 364
416 516
416 524
416 120
416 367
416 525
416 380
416 350
416 51
416 20
416 488
143 484
143 412
160 37
417 472
417 351
417 455
417 237
417 341
417 8
417 357
57 227
57 226
57 73
57 366
186 494
186 46
42 472
42 49
42 351
42 237
42 455
394 325
394 18
394 380
394 526
394 438
394 125
394 101
133 133
137 384
137 470
175 386
175 374
175 325
175 18
175 49
175 37
175 318
175 46
175 423
175 100
175 327
175 125
175 367
175 1
132 412
358 66
358 224
358 438
358 234
358 511
358 347
358 73
358 23
358 45
358 125
358 366
280 444
280 152
280 18
280 319
280 404
280 420
280 46
280 146
280 447
280 315
122 18
122 478
122 8
122 423
122 434
122 441
122 187
122 403
122 104
122 470
122 367
122 1
516 500
37 524
37 37
37 142
37 495
37 17
37 412
37 337
37 114
37 236
25 372
25 465
25 134
212 325
212 319
212 8
212 100
317 49
317 46
317 455
181 416
181 349
181 18
181 398
181 321
181 345
181 380
181 404
181 49
181 526
181 160
181 318
181 353
181 234
181 356
181 474
181 350
181 489
181 391
81 421
81 334
81 232
81 8
491 40
491 26
84 80
84 362
84 18
84 117
84 472
84 334
84 517
84 377
84 5
84 49
84 59
84 425
84 37
84 142
84 353
84 224
84 356
84 365
84 487
84 68
84 46
84 317
84 423
84 73
84 125
265 432
265 395
265 392
265 20
265 62
265 443
265 18
265 11
265 404
265 409
265 49
265 103
265 488
265 507
265 493
265 495
265 17
265 318
265 353
265 350
265 46
265 146
265 441
265 315
265 236
265 403
265 367
265 12
45 73
45 366
390 80
390 62
390 150
390 486
390 526
390 46
420 70
420 80
420 364
420 360
420 324
420 325
420 255
420 389
420 117
420 147
420 321
420 67
420 433
420 485
420 524
420 34
420 526
420 160
420 435
420 373
420 121
420 143
420 64
420 353
420 95
420 234
420 50
420 46
420 461
420 447
420 230
420 347
420 511
420 73
420 74
420 51
420 367
420 457
420 525
420 1
420 445
183 484
183 376
183 420
183 40
183 46
183 367
428 323
428 362
428 501
428 105
428 119
428 383
428 128
428 18
428 94
428 500
428 464
428 517
428 330
428 486
428 385
428 32
428 6
428 463
428 350
428 333
428 411
428 110
428 15
391 426
391 18
391 255
391 494
391 353
391 438
391 350
391 46
391 1
91 403
91 169
91 341
91 382
342 484
342 519
368 14
191 427
191 62
191 18
191 418
191 334
191 330
191 103
191 425
191 37
191 465
191 503
191 390
191 436
191 350
191 12
304 191
304 209
304 425
304 493
304 350
304 46
461 433
510 80
510 62
510 524
510 108
510 59
510 142
510 46
510 236
510 525
510 4
424 384
127 124
354 475
354 343
354 510
354 73
354 63
237 472
237 227
237 455
92 472
92 351
92 438
92 73
92 45
92 125
92 455
92 415
269 482
269 523
269 494
269 384
269 470
493 16
493 142
493 57
429 119
429 46
292 96
292 319
292 472
292 404
292 351
292 227
292 438
292 100
292 347
292 73
292 455
503 62
503 327
503 318
503 500
503 382
245 349
245 119
245 401
245 433
245 339
245 353
245 46
245 441
245 355
245 48
245 497
245 187
245 83
245 367
111 19
111 62
111 484
111 18
111 120
111 37
111 495
111 17
111 227
111 46
111 441
111 315
111 391
111 367
111 298
111 82
111 366
118 466
301 224
301 455
301 366
301 73
301 374
326 325
326 229
326 412
326 46
326 366
326 445
339 145
339 143
361 321
361 526
361 103
361 488
361 435
328 523
328 470
328 384
51 62
51 475
51 59
51 143
51 520
308 416
308 398
308 345
308 146
308 442
308 18
308 353
308 367
308 455
308 472
308 351
308 46
96 438
96 73
96 366
285 318
285 46
285 111
285 107
350 62
350 119
350 18
350 49
350 160
350 495
350 17
350 318
350 8
350 46
350 391
350 236
98 60
375 495
375 62
375 119
375 500
375 32
375 49
375 142
375 46
375 511
375 236
59 62
59 500
59 516
59 524
59 526
59 4
511 45
511 366
502 322
502 67
502 50
502 381
402 60
345 326
345 80
345 62
345 484
345 325
345 18
345 117
345 516
345 150
345 376
345 380
345 108
345 120
345 524
345 49
345 59
345 37
345 160
345 142
345 495
345 17
345 227
345 161
345 143
345 438
345 226
345 412
345 510
345 46
345 347
345 73
345 45
345 125
345 455
345 187
345 470
345 525
345 4
345 366
274 192
274 55
274 443
274 18
274 345
274 11
274 526
274 103
274 488
274 425
274 519
274 350
274 46
274 342
151 324
151 18
151 449
151 345
151 380
151 353
151 151
151 420
151 46
151 366
278 400
278 18
278 447
507 49
507 37
507 142
507 495
507 46
507 511
445 132
445 114
215 215
215 523
215 449
215 7
215 403
215 367
483 16
483 66
483 4
58 331
218 148
218 367
218 178
218 403
309 460
309 26
179 384
179 470
311 326
311 80
311 325
311 117
311 494
311 507
311 473
311 43
311 17
311 420
311 234
311 511
311 73
311 51
311 470
377 334
377 47
377 465
377 226
377 232
377 365
377 436
355 382
355 117
355 412
355 46
355 125
355 187
260 326
260 484
260 49
260 229
260 224
260 46
260 384
260 456
260 470
20 321
20 465
20 435
109 139
109 109
109 27
82 40
82 26
481 494
481 526
481 353
481 226
481 322
481 187
481 367
362 517
362 329
196 369
196 400
196 440
196 65
196 381
196 37
196 64
196 236
196 367
264 416
264 400
264 55
264 349
264 443
264 18
264 361
264 500
264 449
264 516
264 321
264 376
264 345
264 431
264 11
264 524
264 49
264 59
264 526
264 425
264 178
264 435
264 17
264 353
264 111
264 356
264 350
264 46
264 410
264 73
264 327
264 187
264 367
264 12
459 59
459 343
459 474
421 375
421 126
421 54
421 320
421 18
421 472
421 334
421 47
421 380
421 377
421 524
421 488
421 37
421 139
421 493
421 352
421 495
421 66
421 344
421 30
421 356
421 335
421 365
421 363
421 46
421 317
421 76
421 44
421 455
421 114
421 236
421 109
421 27
421 407
421 525
421 36
421 388
421 331
421 468
435 321
145 412
327 380
293 326
293 253
293 195
293 325
293 18
293 85
293 353
293 350
293 46
293 280
293 403
293 367
97 62
97 522
97 18
97 345
97 334
97 480
97 120
97 49
97 37
97 503
97 353
97 356
97 390
97 125
97 114
97 236
97 525
97 4
203 353
203 420
131 119
131 383
131 18
131 94
131 116
131 428
131 65
131 37
131 66
131 350
131 46
131 489
131 342
131 23
131 12
244 392
244 349
244 18
244 376
244 122
244 49
244 507
244 178
244 318
244 441
244 355
244 10
244 187
244 394
244 367
157 494
157 255
157 420
157 350
157 413
157 18
157 416
157 353
157 404
157 88
263 416
263 427
263 55
263 3
263 119
263 443
263 18
263 345
263 25
263 431
263 465
263 134
263 353
263 226
263 232
263 350
263 476
263 12
263 28
263 477
43 502
406 343
55 119
55 494
55 517
55 32
55 59
55 64
55 353
55 46
55 470
180 111
180 168
159 382
314 18
207 472
207 367
207 403
207 351
207 46
207 325
207 125
419 224
419 227
419 229
418 80
418 362
418 18
418 117
418 472
418 334
418 517
418 377
418 5
418 49
418 59
418 425
418 37
418 142
418 353
418 224
418 356
418 365
418 487
418 68
418 46
418 317
418 423
418 73
418 125
173 524
173 367
279 437
279 432
279 96
279 62
279 374
279 18
279 162
279 345
279 346
279 120
279 49
279 142
279 57
279 453
279 442
279 24
279 510
279 46
279 61
279 355
279 73
279 397
279 408
279 314
279 499
279 172
279 471
279 4
279 171
153 326
153 325
153 345
153 49
153 318
153 403
149 342
452 318
452 327
73 229
135 386
135 18
135 447
135 1
200 378
12 119
12 383
12 18
12 242
12 6
12 356
12 350
12 46
365 16
365 62
365 334
365 455
365 18
365 436
365 494
365 374
365 324
365 524
365 493
365 495
365 472
365 237
365 351
365 232
365 298
365 32
365 339
365 38
425 336
425 21
425 338
425 98
425 62
425 119
425 75
425 86
425 71
425 498
425 93
425 116
425 370
425 517
425 340
425 120
425 524
425 32
425 65
425 5
425 79
425 465
425 493
425 502
425 43
425 348
425 402
425 69
425 462
425 518
425 141
425 77
425 329
425 372
425 487
425 68
425 46
425 189
425 250
425 332
425 527
425 60
425 133
425 228
425 102
425 53
492 26
154 522
154 18
154 480
154 420
295 18
295 449
295 345
295 235
295 353
295 420
295 423
313 18
313 188
313 494
313 376
313 318
313 353
313 420
313 40
313 46
313 146
313 384
313 100
313 26
313 470
313 367
313 298
219 472
219 46
219 384
219 347
219 73
219 23
219 125
219 455
357 124
446 49
446 318
446 46
446 100
446 125
515 382
515 40
515 26
515 114
255 150
255 470
255 46
255 326
255 117
255 23
255 489
272 192
272 431
272 264
272 12
272 263
480 432
480 16
480 522
480 493
480 66
480 489
480 125
480 4
254 452
254 484
254 18
254 361
254 500
254 516
254 235
254 120
254 524
254 381
254 49
254 475
254 59
254 526
254 103
254 488
254 173
254 393
254 43
254 353
254 213
254 22
254 201
254 413
254 510
254 46
254 410
254 322
254 221
254 187
254 367
204 416
204 472
204 59
204 526
204 66
204 420
204 510
204 317
204 455
204 51
206 400
206 62
206 105
206 383
206 428
206 473
206 353
108 524
108 462
256 49
256 8
444 62
444 484
444 18
444 523
444 494
444 345
444 473
444 142
444 234
444 46
444 337
444 10
444 470
47 233
47 472
47 66
47 226
47 335
299 432
299 16
299 62
299 18
299 500
299 319
299 449
299 516
299 472
299 150
299 494
299 396
299 120
299 49
299 229
299 495
299 17
299 318
299 111
299 198
299 230
299 73
299 45
299 367
299 4
299 164
299 483
299 366
136 87
136 40
300 358
300 111
300 40
300 367
300 366
400 325
400 18
400 523
400 235
400 438
400 46
400 497
400 1
400 445
187 510
187 455
230 366
312 494
312 447
9 445
9 64
257 325
257 18
257 449
257 472
257 494
257 345
257 495
257 318
257 46
257 447
182 78
182 46
182 403
182 415
182 367
182 508
62 495
62 17
210 345
210 526
210 519
210 392
210 343
210 489
4 16
142 412
142 337
142 434
142 520
142 525
178 326
178 18
174 62
174 349
174 10
174 403
174 367
90 428
90 32
85 500
85 516
85 17
85 46
85 73
239 323
239 428
239 32
239 409
239 90
239 110
125 80
125 229
125 227
125 46
125 510
125 511
125 45
125 366
211 345
211 420
211 474
243 339
243 449
243 367
243 46
243 376
243 49
243 120
243 112
243 441
243 187
243 8
243 127
270 255
270 449
270 150
270 494
270 404
270 161
270 353
270 438
270 46
270 447
270 384
270 73
270 114
270 470
404 62
404 374
404 18
404 319
404 494
404 524
404 23
404 38
404 125
404 114
404 366
199 416
199 8
199 420
336 98
271 191
271 18
271 450
271 449
271 428
271 209
271 431
271 330
271 486
271 526
271 425
271 37
271 465
271 350
271 230
271 12
498 340
498 329
335 232
335 8
335 436
378 33
378 412
378 26
341 472
341 226
341 455
177 326
177 325
177 345
177 49
177 318
177 46
177 403
413 451
413 324
413 484
413 494
413 49
413 438
413 474
413 46
413 391
46 80
46 62
46 484
46 526
46 142
46 64
46 236
46 525
46 4
8 127
176 62
176 517
176 120
176 59
176 526
176 425
176 57
176 520
176 367
176 4
176 12
176 366
438 366
438 73
438 80
438 455
438 4
155 326
155 358
155 80
155 494
155 49
155 46
155 347
155 511
155 73
155 479
155 125
155 366
306 358
306 80
306 62
306 152
306 117
306 472
306 494
306 345
306 404
306 318
306 353
306 224
306 438
306 234
306 356
306 226
306 46
306 489
306 347
306 511
306 73
306 23
306 45
306 125
306 455
306 403
306 366
306 101
284 8
284 500
284 382
284 318
284 100
284 125
284 347
284 472
284 351
198 358
198 111
198 40
198 367
198 366
305 416
305 420
305 353
509 358
509 325
509 18
509 117
509 319
509 494
509 438
509 100
509 347
509 73
509 45
509 125
509 366
289 239
289 427
289 400
289 62
289 3
289 119
289 383
289 464
289 428
289 131
289 32
289 465
289 463
289 371
289 41
289 12
167 46
167 470
167 367
167 403
268 336
268 191
268 400
268 98
268 18
268 498
268 93
268 428
268 209
268 376
268 345
268 340
268 120
268 524
268 32
268 65
268 425
268 465
268 493
268 111
268 141
268 77
268 329
268 350
268 46
268 441
268 60
268 367
268 133
268 228
268 12
268 102
414 18
414 8
414 46
512 129
443 400
443 120
443 488
443 353
443 356
443 46
443 367
302 525
302 234
302 349
302 120
302 192
296 392
296 195
296 152
296 500
296 319
296 480
296 318
296 197
296 511
296 73
296 45
296 125
296 455
296 175
325 100
325 40
325 142
281 382
281 376
281 345
281 226
281 46
281 441
281 403
281 367
19 32
19 65
93 498
93 340
93 329
93 77
93 133
501 3
501 372
201 472
201 120
201 46
201 441
201 221
201 403
201 394
201 367
273 361
273 500
273 516
273 472
273 108
273 475
273 59
273 103
273 488
273 526
273 507
273 353
273 8
273 201
273 46
273 410
273 146
273 481
273 254
273 221
273 394
332 487
526 20
526 103
526 488
526 435
526 342
88 484
422 375
422 62
422 18
422 255
422 150
422 488
422 493
422 43
422 318
422 353
422 234
422 46
422 384
422 527
422 470
152 80
152 73
152 366
152 45
152 46
152 347
152 23
152 125
152 117
152 438
152 319
152 358
248 443
248 431
248 465
248 46
248 423
241 326
241 345
241 473
340 518
123 334
123 232
123 436
185 8
190 62
190 18
190 11
190 59
190 495
190 17
190 234
190 146
525 412
525 337
488 20
488 103
488 435
518 370
518 412
202 384
524 80
524 380
524 462
524 114
379 375
379 62
379 18
379 255
379 150
379 488
379 493
379 318
379 353
379 234
379 384
379 470
379 1
168 441
168 403
168 367
168 508
376 129
376 484
376 18
376 150
376 37
376 495
376 470
376 367
376 525
376 4
87 40
87 26
11 62
11 18
11 255
11 500
11 494
11 59
11 495
11 17
11 353
11 234
11 356
11 350
11 46
11 315
11 367
347 511
347 366
423 378
423 150
423 506
423 380
423 17
423 412
423 434
423 236
423 403
423 525
423 445
158 18
158 11
158 404
158 59
158 23
158 125
158 367
259 444
259 395
259 392
259 466
259 62
259 440
259 188
259 506
259 72
259 31
259 507
259 39
259 504
259 420
259 505
259 46
259 146
259 140
259 490
259 454
259 29
407 324
407 18
407 319
407 472
407 334
407 377
407 524
407 49
407 363
407 365
407 46
407 23
407 125
407 455
288 253
288 430
288 349
288 18
288 521
288 309
288 136
288 376
288 478
288 174
288 122
288 460
288 491
288 178
288 251
288 87
288 111
288 216
288 13
288 40
288 225
288 201
288 492
288 423
288 434
288 441
288 112
288 26
288 403
288 104
288 367
288 158
208 416
208 444
208 325
208 494
208 345
208 412
208 384
316 224
316 384
217 459
217 343
217 46
287 421
287 334
287 47
287 377
287 49
287 352
287 365
401 117
401 142
401 502
401 46
401 4
401 366
387 325
387 46
403 129
403 369
403 400
403 144
403 35
403 255
403 523
403 341
403 46
403 447
403 387
403 10
403 479
403 403
403 231
403 367
403 512
166 494
166 367
166 502
166 49
166 495
166 324
166 493
166 441
166 489
166 73
430 40
430 492
427 62
427 486
427 330
427 103
427 226
220 421
220 334
220 377
220 49
220 352
220 365
220 8
205 119
205 404
205 49
205 205
205 350
205 46
205 23
205 223
205 12
225 40
225 26
389 472
389 226
389 455
63 114
18 494
18 506
18 108
18 37
18 502
18 495
18 525
113 404
113 57
113 73
221 484
221 507
221 393
221 8
221 46
156 345
156 318
156 420
156 510
156 46
156 384
156 347
156 314
513 62
513 353
513 46
513 32
222 360
222 18
222 39
222 353
222 420
222 213
441 400
441 451
441 324
441 484
441 255
441 524
441 34
441 435
441 318
441 143
441 64
441 353
441 420
441 234
441 46
441 467
441 511
441 403
441 367
286 195
286 325
286 318
426 18
426 32
170 420
170 470
232 436
252 184
252 374
252 117
252 480
252 420
252 224
252 40
252 46
252 230
252 347
252 73
252 23
252 45
252 455
252 366
252 101
261 353
261 449
261 420
261 175
261 18
261 470
261 367
261 345
261 318
261 435
261 488
261 526
1 374
1 18
1 37
393 326
393 255
66 363
234 80
234 96
234 62
234 57
234 438
234 73
234 45
234 366
247 230
247 23
247 125
247 46
247 347
134 372
17 500
17 495
17 56
398 494
398 18
398 234
398 523
398 318
398 380
398 37
398 143
398 366
398 57
398 326
398 51
398 438
398 325
398 347
398 327
398 4
359 73
359 4
359 366
432 16
432 62
432 493
432 46
238 343
238 217
21 498
21 340
21 329
194 420
194 353
194 441
227 73
227 455
227 366
374 117
374 46
374 455
374 366
456 326
456 325
456 18
456 494
456 345
456 46
456 384
456 470
209 400
209 362
209 501
209 105
209 119
209 255
209 94
209 500
209 464
209 428
209 517
209 486
209 32
209 425
209 465
209 6
209 356
209 350
209 10
209 110
